3650.  0.9601185
3650.7  0.9842353
3651.4  0.9249055
3652.1  0.9141228
3652.8  0.9681665
3653.5  0.9461126
3654.2  0.8650548
3654.9  0.917216
3655.6  0.9160892
3656.3  0.9069313
3657.  0.9207519
3657.7  0.9383218
3658.4  0.9181664
3659.1  0.9603378
3659.8  0.9795725
3660.5  0.9818411
3661.2  1.028262
3661.9  0.9268692
3662.6  1.00368
3663.3  1.016501
3664.  1.018564
3664.7  0.976194
3665.4  0.9669503
3666.1  0.9025816
3666.8  0.952673
3667.5  0.8504799
3668.2  0.8331587
3668.9  0.899496
3669.6  1.008907
3670.3  0.9648886
3671.  0.9996166
3671.7  0.9960829
3672.4  1.008838
3673.1  1.014175
3673.8  1.076361
3674.5  0.9731298
3675.2  1.039147
3675.9  1.029447
3676.6  1.009075
3677.3  0.9699777
3678.  1.000741
3678.7  1.005831
3679.4  0.9873896
3680.1  0.9784154
3680.8  0.9933656
3681.5  1.058869
3682.2  1.029492
3682.9  0.9620574
3683.6  0.992953
3684.3  1.030556
3685.  0.9822044
3685.7  0.9459002
3686.4  0.994626
3687.1  1.068536
3687.8  1.027024
3688.5  1.021164
3689.2  0.9776005
3689.9  1.002901
3690.6  0.9918745
3691.3  1.011318
3692.  0.9359198
3692.7  1.055768
3693.4  1.007095
3694.1  0.9322842
3694.8  0.8683811
3695.5  0.9658266
3696.2  0.9893503
3696.9  1.033001
3697.6  0.9703324
3698.3  1.019768
3699.  1.140015
3699.7  1.098045
3700.4  0.99641
3701.1  0.9717439
3701.8  0.983674
3702.5  1.011625
3703.2  1.03327
3703.9  1.063432
3704.6  0.9894736
3705.3  0.9819546
3706.  0.9400585
3706.7  0.9662474
3707.4  0.928975
3708.1  0.9798204
3708.8  0.9293239
3709.5  0.9882877
3710.2  1.038545
3710.9  0.9738824
3711.6  1.065534
3712.3  1.039948
3713.  1.001944
3713.7  1.020906
3714.4  1.036872
3715.1  1.030085
3715.8  1.022824
3716.5  1.036808
3717.2  1.045724
3717.9  1.046738
3718.6  1.002814
3719.3  1.009686
3720.  0.9452072
3720.7  1.022862
3721.4  1.011233
3722.1  1.039286
3722.8  1.038228
3723.5  1.049399
3724.2  0.9449902
3724.9  0.9583788
3725.6  0.9570973
3726.3  1.036773
3727.  1.050403
3727.7  1.015774
3728.4  0.9503005
3729.1  0.9498503
3729.8  1.000733
3730.5  1.038674
3731.2  1.007028
3731.9  0.9625602
3732.6  1.026764
3733.3  1.034786
3734.  0.9871621
3734.7  0.9970688
3735.4  1.019773
3736.1  0.9268398
3736.8  1.0252
3737.5  0.9868798
3738.2  0.9863997
3738.9  0.9932866
3739.6  0.9772289
3740.3  0.9665842
3741.  1.018377
3741.7  1.088873
3742.4  1.01516
3743.1  1.005549
3743.8  1.04852
3744.5  0.8916951
3745.2  0.9920053
3745.9  1.00176
3746.6  0.9759904
3747.3  1.000601
3748.  0.9682276
3748.7  0.9892152
3749.4  0.9521602
3750.1  1.039629
3750.8  1.074737
3751.5  1.067858
3752.2  1.087471
3752.9  1.004514
3753.6  1.031275
3754.3  0.9919065
3755.  1.017311
3755.7  1.034357
3756.4  1.037978
3757.1  1.012423
3757.8  1.017634
3758.5  1.052866
3759.2  1.04643
3759.9  1.006926
3760.6  1.02099
3761.3  0.9955804
3762.  0.9919007
3762.7  1.01053
3763.4  1.027382
3764.1  1.034203
3764.8  0.9957007
3765.5  0.991472
3766.2  0.9477918
3766.9  1.026108
3767.6  0.9693101
3768.3  0.9558718
3769.  0.9604162
3769.7  1.021122
3770.4  1.069006
3771.1  1.036915
3771.8  1.01121
3772.5  1.034024
3773.2  1.024597
3773.9  1.001297
3774.6  1.009104
3775.3  1.011625
3776.  0.9788499
3776.7  0.9694201
3777.4  0.9610851
3778.1  1.002556
3778.8  1.0633
3779.5  0.9631804
3780.2  1.012671
3780.9  0.9992348
3781.6  1.053356
3782.3  1.012914
3783.  1.059563
3783.7  0.9858847
3784.4  1.003777
3785.1  0.9733499
3785.8  1.001761
3786.5  0.994565
3787.2  0.9720929
3787.9  0.9574084
3788.6  0.998938
3789.3  1.012529
3790.  1.03523
3790.7  1.034266
3791.4  1.029615
3792.1  0.9743497
3792.8  0.9903829
3793.5  0.9636955
3794.2  0.9541494
3794.9  0.9795204
3795.6  0.9969904
3796.3  1.005172
3797.  1.034852
3797.7  1.066658
3798.4  1.059667
3799.1  1.100146
3799.8  1.049201
3800.5  0.9477392
3801.2  0.9765295
3801.9  0.9585813
3802.6  0.9865412
3803.3  1.032456
3804.  1.037973
3804.7  0.9497717
3805.4  0.9899579
3806.1  0.9781265
3806.8  1.020002
3807.5  1.014141
3808.2  1.019276
3808.9  0.9993597
3809.6  1.060343
3810.3  1.058125
3811.  1.031912
3811.7  1.025465
3812.4  1.002446
3813.1  1.019791
3813.8  1.021787
3814.5  1.024475
3815.2  0.9926362
3815.9  0.9637482
3816.6  0.9686913
3817.3  1.031251
3818.  1.058043
3818.7  1.06149
3819.4  1.060025
3820.1  1.091187
3820.8  1.067627
3821.5  1.007413
3822.2  0.9980189
3822.9  1.018903
3823.6  1.003307
3824.3  0.9760547
3825.  0.9955671
3825.7  1.070444
3826.4  1.025922
3827.1  0.9948038
3827.8  1.024436
3828.5  1.046806
3829.2  0.9975605
3829.9  0.9717042
3830.6  0.9904864
3831.3  1.016415
3832.  1.021003
3832.7  1.003371
3833.4  0.9817305
3834.1  0.9736292
3834.8  1.058823
3835.5  1.074499
3836.2  1.058596
3836.9  1.053863
3837.6  1.001268
3838.3  1.001305
3839.  1.020132
3839.7  1.00467
3840.4  0.9867306
3841.1  1.002587
3841.8  0.9741254
3842.5  0.9937909
3843.2  1.012109
3843.9  0.9982888
3844.6  1.007353
3845.3  1.010265
3846.  1.032349
3846.7  1.040739
3847.4  1.056656
3848.1  1.007049
3848.8  1.034483
3849.5  1.081291
3850.2  1.044623
3850.9  1.0418
3851.6  1.002325
3852.3  1.008794
3853.  1.064232
3853.7  1.03081
3854.4  0.982786
3855.1  0.9942865
3855.8  1.043994
3856.5  1.031391
3857.2  1.018842
3857.9  0.9804814
3858.6  1.025599
3859.3  0.9948497
3860.  0.9876814
3860.7  0.9822042
3861.4  0.9879676
3862.1  1.012116
3862.8  1.006389
3863.5  1.023715
3864.2  1.031024
3864.9  1.023439
3865.6  1.039095
3866.3  1.053984
3867.  1.059874
3867.7  1.202039
3868.4  1.948399
3869.1  3.385509
3869.8  3.552238
3870.5  2.071257
3871.2  1.215618
3871.9  1.031349
3872.6  0.996907
3873.3  1.027669
3874.  0.9922757
3874.7  1.055421
3875.4  1.015404
3876.1  0.9681107
3876.8  1.038142
3877.5  1.005556
3878.2  1.031792
3878.9  0.9841988
3879.6  0.9943373
3880.3  0.9940435
3881.  1.032259
3881.7  1.012405
3882.4  1.033961
3883.1  1.027476
3883.8  0.983182
3884.5  1.003316
3885.2  1.007631
3885.9  0.9871716
3886.6  0.9925966
3887.3  0.9552606
3888.  0.9962141
3888.7  1.113586
3889.4  1.21118
3890.1  1.179012
3890.8  1.038312
3891.5  0.9269316
3892.2  0.9774084
3892.9  0.9569911
3893.6  0.9909257
3894.3  0.9571896
3895.  0.9682044
3895.7  0.9849946
3896.4  0.9677055
3897.1  0.9520962
3897.8  0.9782209
3898.5  0.9571635
3899.2  1.001704
3899.9  1.024726
3900.6  1.022937
3901.3  1.04753
3902.  1.021654
3902.7  1.034462
3903.4  1.060732
3904.1  1.015336
3904.8  0.9687597
3905.5  0.9996543
3906.2  0.9479867
3906.9  0.9641045
3907.6  0.9828106
3908.3  1.000654
3909.  1.011022
3909.7  0.979705
3910.4  0.98225
3911.1  0.9904918
3911.8  1.027958
3912.5  1.043397
3913.2  1.051253
3913.9  1.069697
3914.6  1.031069
3915.3  1.002172
3916.  1.00138
3916.7  0.9908006
3917.4  0.9997028
3918.1  1.019915
3918.8  0.9995948
3919.5  1.014505
3920.2  1.022803
3920.9  1.006174
3921.6  1.019277
3922.3  0.9761045
3923.  0.9867685
3923.7  1.062651
3924.4  1.004337
3925.1  0.9576349
3925.8  1.009029
3926.5  1.003579
3927.2  0.9833317
3927.9  0.9561297
3928.6  0.9628813
3929.3  0.9403735
3930.  0.9463674
3930.7  0.9356548
3931.4  0.9169194
3932.1  1.006658
3932.8  0.8756096
3933.5  0.7529455
3934.2  0.7707721
3934.9  0.9004055
3935.6  0.9836131
3936.3  0.9587606
3937.  0.9570332
3937.7  0.9638646
3938.4  1.004723
3939.1  0.9866109
3939.8  0.9730794
3940.5  1.002718
3941.2  0.9667091
3941.9  0.9539841
3942.6  0.9761863
3943.3  0.9781763
3944.  1.003833
3944.7  0.9810401
3945.4  0.9782147
3946.1  1.003113
3946.8  1.07249
3947.5  1.042712
3948.2  0.9900795
3948.9  0.969941
3949.6  0.961769
3950.3  0.9403074
3951.  0.9759086
3951.7  1.008628
3952.4  0.9921771
3953.1  1.021432
3953.8  1.025381
3954.5  1.001842
3955.2  0.9566075
3955.9  0.9833751
3956.6  0.9988432
3957.3  0.9993069
3958.  0.9079894
3958.7  0.9112375
3959.4  0.9610854
3960.1  0.9497211
3960.8  0.9534882
3961.5  0.951176
3962.2  0.9454936
3962.9  0.9022794
3963.6  0.8974954
3964.3  0.9451628
3965.  0.9446275
3965.7  0.8946992
3966.4  0.9338456
3967.1  1.224875
3967.8  1.495301
3968.5  1.358882
3969.2  1.087313
3969.9  1.029251
3970.6  1.079908
3971.3  1.029882
3972.  0.939488
3972.7  0.9019077
3973.4  0.8785595
3974.1  0.8940935
3974.8  0.9192919
3975.5  0.9207912
3976.2  0.9403798
3976.9  0.9529504
3977.6  0.9396299
3978.3  0.952989
3979.  0.9516549
3979.7  0.9875404
3980.4  0.9955852
3981.1  1.0372
3981.8  0.97163
3982.5  0.9739137
3983.2  0.9660647
3983.9  0.9428054
3984.6  0.9815885
3985.3  0.9739403
3986.  0.9975473
3986.7  1.018627
3987.4  0.9611198
3988.1  0.9856619
3988.8  0.9878411
3989.5  0.9565883
3990.2  0.9911243
3990.9  1.004236
3991.6  1.018404
3992.3  0.9920941
3993.  1.018593
3993.7  0.9955449
3994.4  1.058902
3995.1  0.9961852
3995.8  0.9616114
3996.5  0.9528984
3997.2  0.9810615
3997.9  0.9872702
3998.6  1.008402
3999.3  0.9743015
4000.  0.9910705
4000.7  0.9977295
4001.4  1.006021
4002.1  1.011514
4002.8  1.010128
4003.5  0.9920143
4004.2  1.027084
4004.9  1.0119
4005.6  0.9602479
4006.3  1.02117
4007.  1.004913
4007.7  1.011642
4008.4  0.968393
4009.1  0.9939568
4009.8  1.001619
4010.5  1.010271
4011.2  0.9875979
4011.9  1.030664
4012.6  1.02097
4013.3  1.02464
4014.  1.001714
4014.7  1.003447
4015.4  1.008448
4016.1  0.9948093
4016.8  1.008502
4017.5  1.004398
4018.2  0.9668242
4018.9  0.9435731
4019.6  1.013445
4020.3  0.9995068
4021.  1.004495
4021.7  1.002302
4022.4  1.005629
4023.1  0.9669946
4023.8  0.9912803
4024.5  1.026594
4025.2  0.9939895
4025.9  1.032527
4026.6  1.029772
4027.3  1.007337
4028.  1.020892
4028.7  0.98156
4029.4  0.9955186
4030.1  0.9863122
4030.8  0.9806647
4031.5  0.9975913
4032.2  1.001204
4032.9  1.000401
4033.6  0.9891613
4034.3  0.9525281
4035.  0.933856
4035.7  0.949036
4036.4  0.9876301
4037.1  1.041443
4037.8  0.9895083
4038.5  0.9724393
4039.2  1.001138
4039.9  1.013962
4040.6  0.99983
4041.3  1.014662
4042.  1.004866
4042.7  1.008049
4043.4  1.030899
4044.1  1.006514
4044.8  1.00302
4045.5  1.002506
4046.2  0.9730244
4046.9  0.9614508
4047.6  0.9651665
4048.3  1.007524
4049.  1.003938
4049.7  0.994533
4050.4  1.043831
4051.1  1.037573
4051.8  1.012927
4052.5  0.9942325
4053.2  0.9805436
4053.9  0.950112
4054.6  0.996593
4055.3  1.014299
4056.  1.02059
4056.7  0.9748445
4057.4  1.035715
4058.1  1.005697
4058.8  1.00076
4059.5  0.9852291
4060.2  1.020128
4060.9  0.9933654
4061.6  1.027912
4062.3  1.029564
4063.  1.044199
4063.7  1.007724
4064.4  0.9721251
4065.1  0.9765262
4065.8  1.005772
4066.5  1.012981
4067.2  0.9785808
4067.9  0.9928885
4068.6  1.032459
4069.3  1.041063
4070.  1.03123
4070.7  1.02177
4071.4  1.033612
4072.1  1.015164
4072.8  1.001507
4073.5  1.012
4074.2  0.9876446
4074.9  1.017931
4075.6  0.9918196
4076.3  0.9880329
4077.  0.9684972
4077.7  0.9954012
4078.4  1.013104
4079.1  1.036846
4079.8  0.9911255
4080.5  0.9801681
4081.2  1.019897
4081.9  1.025494
4082.6  1.022593
4083.3  0.995519
4084.  0.9984254
4084.7  1.022343
4085.4  1.00866
4086.1  1.002138
4086.8  0.9905227
4087.5  1.004857
4088.2  0.9941414
4088.9  1.004574
4089.6  0.9879923
4090.3  1.036825
4091.  0.992524
4091.7  0.9867065
4092.4  1.015893
4093.1  0.966413
4093.8  0.9852293
4094.5  0.9611684
4095.2  0.9580268
4095.9  0.9200858
4096.6  0.8949687
4097.3  0.932425
4098.  0.9261057
4098.7  0.9331165
4099.4  0.8782772
4100.1  0.8600304
4100.8  0.8994255
4101.5  1.03885
4102.2  1.123295
4102.9  1.082904
4103.6  0.930031
4104.3  0.87298
4105.  0.8607198
4105.7  0.8742362
4106.4  0.8872191
4107.1  0.9248229
4107.8  0.9487652
4108.5  0.9316506
4109.2  0.9307591
4109.9  0.9500833
4110.6  0.9393341
4111.3  0.9598808
4112.  0.9643238
4112.7  0.9676826
4113.4  0.964032
4114.1  0.9785753
4114.8  0.9673264
4115.5  0.9853889
4116.2  1.031763
4116.9  1.02474
4117.6  1.041224
4118.3  1.011415
4119.  1.021728
4119.7  0.9808992
4120.4  1.007104
4121.1  1.013304
4121.8  0.98595
4122.5  0.9538296
4123.2  0.9746503
4123.9  0.9728767
4124.6  0.9730563
4125.3  0.9833149
4126.  0.9785327
4126.7  1.009006
4127.4  0.9950668
4128.1  1.021074
4128.8  1.043487
4129.5  1.014861
4130.2  1.018213
4130.9  0.9900866
4131.6  1.010795
4132.3  0.9606379
4133.  0.9790631
4133.7  1.008837
4134.4  1.013768
4135.1  0.9929271
4135.8  0.9978537
4136.5  0.9673737
4137.2  0.9702618
4137.9  0.979766
4138.6  0.9933303
4139.3  1.013174
4140.  0.9932629
4140.7  0.9675004
4141.4  1.0155
4142.1  0.9963126
4142.8  0.9486915
4143.5  0.87106
4144.2  0.9101714
4144.9  0.9156417
4145.6  0.9214334
4146.3  0.9545669
4147.  0.9803144
4147.7  0.9811544
4148.4  1.006584
4149.1  1.0321
4149.8  1.026986
4150.5  0.9949995
4151.2  1.002544
4151.9  0.9993277
4152.6  1.013464
4153.3  0.9604269
4154.  0.9619859
4154.7  0.9879223
4155.4  1.006011
4156.1  1.01244
4156.8  0.9516817
4157.5  0.991183
4158.2  0.9885831
4158.9  1.020345
4159.6  0.9857202
4160.3  1.051355
4161.  1.02776
4161.7  1.026373
4162.4  1.063772
4163.1  1.015558
4163.8  0.9749288
4164.5  0.9940784
4165.2  1.034379
4165.9  1.046211
4166.6  1.023089
4167.3  1.042629
4168.  1.014499
4168.7  1.02582
4169.4  0.9975324
4170.1  0.9747046
4170.8  0.9893174
4171.5  1.019007
4172.2  1.033791
4172.9  0.9829195
4173.6  0.9822261
4174.3  0.9950976
4175.  1.015929
4175.7  1.03071
4176.4  1.022762
4177.1  0.9919344
4177.8  1.018647
4178.5  1.008289
4179.2  1.04882
4179.9  0.9877488
4180.6  0.992206
4181.3  1.015097
4182.  1.027515
4182.7  0.9808654
4183.4  0.987842
4184.1  1.023633
4184.8  0.9791034
4185.5  0.9744483
4186.2  1.006607
4186.9  0.9851045
4187.6  0.9921834
4188.3  0.9890703
4189.  1.003443
4189.7  0.987222
4190.4  1.025429
4191.1  1.017745
4191.8  1.054671
4192.5  1.024947
4193.2  1.013778
4193.9  0.9453482
4194.6  1.016295
4195.3  1.031463
4196.  1.004798
4196.7  0.9515207
4197.4  0.9897208
4198.1  1.009856
4198.8  0.9717553
4199.5  1.006783
4200.2  1.012611
4200.9  0.9635628
4201.6  0.9520747
4202.3  1.007315
4203.  0.9735209
4203.7  1.004197
4204.4  0.9701564
4205.1  1.05094
4205.8  1.005751
4206.5  1.026962
4207.2  0.9935029
4207.9  1.053674
4208.6  1.02446
4209.3  0.9925255
4210.  0.9907592
4210.7  0.9709936
4211.4  0.991964
4212.1  1.03531
4212.8  1.008482
4213.5  1.009297
4214.2  0.9932669
4214.9  1.013451
4215.6  0.9787422
4216.3  0.9835792
4217.  1.040913
4217.7  1.019157
4218.4  1.024801
4219.1  1.016345
4219.8  1.008643
4220.5  1.028212
4221.2  1.046025
4221.9  1.076051
4222.6  1.030967
4223.3  1.022404
4224.  1.030766
4224.7  1.023339
4225.4  0.9959316
4226.1  1.011601
4226.8  0.9878299
4227.5  0.9572058
4228.2  1.016361
4228.9  0.9881855
4229.6  1.000115
4230.3  1.050773
4231.  1.028002
4231.7  1.032784
4232.4  1.008446
4233.1  1.027085
4233.8  1.03526
4234.5  1.000154
4235.2  1.029439
4235.9  1.00676
4236.6  1.029864
4237.3  1.056512
4238.  1.042523
4238.7  1.023571
4239.4  1.050288
4240.1  1.028258
4240.8  1.050839
4241.5  1.015825
4242.2  1.040797
4242.9  1.044848
4243.6  0.9907809
4244.3  1.039732
4245.  1.067488
4245.7  1.05511
4246.4  1.051508
4247.1  1.070123
4247.8  1.002293
4248.5  1.002971
4249.2  1.010592
4249.9  1.063179
4250.6  1.003648
4251.3  1.004059
4252.  1.000414
4252.7  1.078365
4253.4  1.036004
4254.1  0.9949044
4254.8  1.051318
4255.5  1.003139
4256.2  0.9942275
4256.9  1.011753
4257.6  1.012712
4258.3  1.022994
4259.  0.9911447
4259.7  1.066794
4260.4  1.026774
4261.1  0.9915265
4261.8  1.04371
4262.5  1.040128
4263.2  1.030059
4263.9  1.014315
4264.6  0.9940395
4265.3  1.030347
4266.  0.9849416
4266.7  1.010495
4267.4  0.9993864
4268.1  0.9806587
4268.8  1.025635
4269.5  0.9839432
4270.2  1.019892
4270.9  0.9849289
4271.6  1.01737
4272.3  0.977382
4273.  0.9803649
4273.7  0.9845369
4274.4  0.9465041
4275.1  0.9503927
4275.8  0.9744068
4276.5  0.985912
4277.2  1.002562
4277.9  1.015835
4278.6  1.010133
4279.3  1.003298
4280.  0.9553541
4280.7  0.9649516
4281.4  0.9324917
4282.1  0.9413317
4282.8  0.8503232
4283.5  0.9134693
4284.2  0.9053459
4284.9  0.8905306
4285.6  0.9544729
4286.3  0.9969991
4287.  1.018687
4287.7  0.971287
4288.4  0.9851129
4289.1  0.9685053
4289.8  0.9729884
4290.5  0.9964867
4291.2  1.028154
4291.9  0.9795473
4292.6  1.01802
4293.3  1.065809
4294.  1.04815
4294.7  1.035221
4295.4  1.010711
4296.1  1.022552
4296.8  1.041232
4297.5  1.032249
4298.2  1.007173
4298.9  0.9591154
4299.6  0.999338
4300.3  0.9884782
4301.  0.9288148
4301.7  0.9595144
4302.4  0.9830129
4303.1  0.9696931
4303.8  0.9840699
4304.5  0.9823825
4305.2  0.9746451
4305.9  0.9883834
4306.6  0.9489723
4307.3  0.9736962
4308.  0.9741964
4308.7  0.9854515
4309.4  0.9728149
4310.1  0.9708357
4310.8  1.015321
4311.5  1.003837
4312.2  0.9833666
4312.9  1.018507
4313.6  0.9926569
4314.3  0.9862979
4315.  0.9814749
4315.7  0.974139
4316.4  0.9984523
4317.1  0.9754045
4317.8  1.020862
4318.5  1.008897
4319.2  1.026791
4319.9  0.9896511
4320.6  0.9956923
4321.3  1.021278
4322.  0.9939371
4322.7  0.9915569
4323.4  0.9818735
4324.1  0.9961529
4324.8  0.9718193
4325.5  0.9466817
4326.2  0.9224462
4326.9  0.9780977
4327.6  0.9354428
4328.3  0.9614822
4329.  1.002798
4329.7  0.9918151
4330.4  0.9506837
4331.1  0.9940541
4331.8  0.9303086
4332.5  0.9438998
4333.2  0.9593005
4333.9  0.9602456
4334.6  0.9280099
4335.3  0.9511679
4336.  0.9654425
4336.7  0.9261125
4337.4  0.8609706
4338.1  0.8173705
4338.8  0.8233384
4339.5  0.9051315
4340.2  1.226918
4340.9  1.548776
4341.6  1.425128
4342.3  1.066675
4343.  0.8724145
4343.7  0.8351595
4344.4  0.8359506
4345.1  0.8782007
4345.8  0.9344952
4346.5  0.9499457
4347.2  0.9839125
4347.9  0.9570454
4348.6  0.9542596
4349.3  0.9392301
4350.  0.932658
4350.7  0.9591358
4351.4  0.9304543
4352.1  0.9202463
4352.8  0.9637933
4353.5  0.9754009
4354.2  1.055551
4354.9  1.008055
4355.6  0.9811347
4356.3  0.97562
4357.  1.004438
4357.7  1.019379
4358.4  1.000391
4359.1  1.054447
4359.8  1.0168
4360.5  0.9902222
4361.2  0.9931334
4361.9  1.027708
4362.6  1.301411
4363.3  1.966477
4364.  2.21332
4364.7  1.71122
4365.4  1.176359
4366.1  1.073791
4366.8  1.039912
4367.5  1.042496
4368.2  1.027914
4368.9  1.020787
4369.6  1.010396
4370.3  1.021957
4371.  1.004536
4371.7  0.9930197
4372.4  0.9986191
4373.1  1.002586
4373.8  0.9918902
4374.5  0.9881368
4375.2  1.015977
4375.9  1.0202
4376.6  1.031704
4377.3  0.9847267
4378.  1.011746
4378.7  1.006216
4379.4  1.043475
4380.1  1.02893
4380.8  1.023144
4381.5  1.046269
4382.2  0.9792613
4382.9  1.023633
4383.6  0.9923331
4384.3  0.9742908
4385.  0.9594287
4385.7  1.015815
4386.4  1.013832
4387.1  0.9911267
4387.8  0.9886582
4388.5  1.000798
4389.2  1.011472
4389.9  0.9878288
4390.6  0.9890844
4391.3  0.9984007
4392.  1.012429
4392.7  0.9868786
4393.4  0.9824513
4394.1  1.057105
4394.8  1.03236
4395.5  0.9845329
4396.2  0.9943123
4396.9  1.030334
4397.6  1.033511
4398.3  1.030626
4399.  1.038778
4399.7  0.9846161
4400.4  0.9860395
4401.1  0.9508094
4401.8  0.9605211
4402.5  1.003455
4403.2  0.9871652
4403.9  1.034743
4404.6  0.9879416
4405.3  1.0148
4406.  1.007311
4406.7  0.9969485
4407.4  0.9622856
4408.1  1.02656
4408.8  0.9973286
4409.5  0.9877491
4410.2  0.9937125
4410.9  1.027253
4411.6  1.046533
4412.3  1.034394
4413.  1.045122
4413.7  1.020676
4414.4  1.027427
4415.1  1.0352
4415.8  0.9876081
4416.5  0.9716941
4417.2  0.9860017
4417.9  1.003021
4418.6  0.9338194
4419.3  0.9698589
4420.  0.9398738
4420.7  0.8963113
4421.4  0.9557042
4422.1  0.8366253
4422.8  0.9208909
4423.5  0.8846677
4424.2  0.9391147
4424.9  0.9537274
4425.6  0.982027
4426.3  0.9811544
4427.  0.9804022
4427.7  0.9677551
4428.4  0.9417582
4429.1  0.9779669
4429.8  0.942534
4430.5  0.9788176
4431.2  0.9857755
4431.9  1.006595
4432.6  1.002899
4433.3  0.9623203
4434.  0.9826529
4434.7  1.007275
4435.4  1.000611
4436.1  0.9650058
4436.8  1.015713
4437.5  1.003485
4438.2  0.9701134
4438.9  1.011268
4439.6  1.037279
4440.3  1.002449
4441.  0.9800061
4441.7  0.9777633
4442.4  1.011818
4443.1  0.9902545
4443.8  0.9744583
4444.5  0.9993463
4445.2  0.9948805
4445.9  0.9850423
4446.6  0.9948279
4447.3  1.002999
4448.  1.007045
4448.7  1.025453
4449.4  1.01801
4450.1  1.032506
4450.8  1.025982
4451.5  0.9942048
4452.2  1.057675
4452.9  1.065796
4453.6  0.9884052
4454.3  0.9992055
4455.  1.012761
4455.7  1.000381
4456.4  0.9698677
4457.1  1.010955
4457.8  1.01145
4458.5  1.043874
4459.2  1.025662
4459.9  1.000985
4460.6  0.9696279
4461.3  0.9692923
4462.  0.96272
4462.7  0.9743491
4463.4  0.9991115
4464.1  1.00827
4464.8  0.9876323
4465.5  0.9926906
4466.2  0.9866676
4466.9  0.9825884
4467.6  0.9595463
4468.3  0.972914
4469.  1.003634
4469.7  0.9896299
4470.4  1.016951
4471.1  1.007876
4471.8  1.082478
4472.5  1.113192
4473.2  1.066089
4473.9  0.9991624
4474.6  1.014531
4475.3  1.041814
4476.  1.039692
4476.7  1.009556
4477.4  1.041452
4478.1  0.9941877
4478.8  0.9672492
4479.5  1.002021
4480.2  0.9965588
4480.9  0.9943733
4481.6  0.9848343
4482.3  0.9849849
4483.  0.9683886
4483.7  0.9705147
4484.4  0.9834864
4485.1  0.983215
4485.8  0.9746443
4486.5  1.032549
4487.2  1.001501
4487.9  0.9836913
4488.6  1.001078
4489.3  1.010368
4490.  0.9910418
4490.7  1.012927
4491.4  0.9696491
4492.1  1.012565
4492.8  0.9944757
4493.5  0.9756912
4494.2  0.9498066
4494.9  0.9806559
4495.6  1.020718
4496.3  0.9943252
4497.  0.9996472
4497.7  1.016754
4498.4  1.012616
4499.1  0.99953
4499.8  0.9676048
4500.5  0.957822
4501.2  0.993373
4501.9  0.9976782
4502.6  0.9862546
4503.3  1.015298
4504.  1.032166
4504.7  0.9984942
4505.4  0.9603803
4506.1  1.033023
4506.8  1.011311
4507.5  1.032169
4508.2  1.038763
4508.9  1.054562
4509.6  1.026799
4510.3  1.010985
4511.  1.001617
4511.7  0.9988797
4512.4  0.9896401
4513.1  0.9811311
4513.8  1.015445
4514.5  0.9924412
4515.2  1.019397
4515.9  1.018198
4516.6  1.008987
4517.3  1.022689
4518.  1.000144
4518.7  1.01842
4519.4  1.03982
4520.1  1.011133
4520.8  1.020387
4521.5  1.01344
4522.2  1.012082
4522.9  0.9674762
4523.6  1.02541
4524.3  1.037594
4525.  0.9860075
4525.7  1.003219
4526.4  0.9870647
4527.1  1.006091
4527.8  0.9508976
4528.5  0.9844588
4529.2  0.9701013
4529.9  0.9612084
4530.6  0.9851034
4531.3  0.9970919
4532.  0.9722476
4532.7  0.9879329
4533.4  1.019983
4534.1  1.007565
4534.8  0.9544284
4535.5  0.9366216
4536.2  0.9301016
4536.9  0.9571126
4537.6  0.9646891
4538.3  0.9740477
4539.  0.9474007
4539.7  0.9251115
4540.4  0.9695875
4541.1  0.932196
4541.8  0.9208239
4542.5  0.9067028
4543.2  0.9095179
4543.9  0.9829347
4544.6  0.9593723
4545.3  0.9341731
4546.  0.9752411
4546.7  0.9528151
4547.4  0.931403
4548.1  0.9572529
4548.8  0.9672858
4549.5  0.9798425
4550.2  0.9863951
4550.9  0.9812186
4551.6  0.9932755
4552.3  1.00488
4553.  0.9950511
4553.7  0.9715589
4554.4  1.006064
4555.1  0.98454
4555.8  0.9940856
4556.5  0.9963078
4557.2  0.9933637
4557.9  1.000456
4558.6  1.029495
4559.3  1.016988
4560.  1.010815
4560.7  1.027241
4561.4  1.018787
4562.1  1.011088
4562.8  0.9880272
4563.5  1.014901
4564.2  0.986047
4564.9  1.009531
4565.6  0.995775
4566.3  1.017314
4567.  1.041317
4567.7  1.004749
4568.4  0.9761616
4569.1  1.044821
4569.8  1.021729
4570.5  1.040853
4571.2  1.037888
4571.9  0.9821386
4572.6  0.9644185
4573.3  0.9692107
4574.  1.023356
4574.7  1.015188
4575.4  1.027156
4576.1  0.9970462
4576.8  1.006364
4577.5  1.002669
4578.2  1.014333
4578.9  0.9559715
4579.6  0.9436307
4580.3  0.9942423
4581.  1.030678
4581.7  0.9912738
4582.4  0.9613667
4583.1  1.0009
4583.8  0.9583715
4584.5  0.9378853
4585.2  0.9549904
4585.9  0.9952739
4586.6  1.00573
4587.3  1.003332
4588.  0.9762796
4588.7  0.9932103
4589.4  1.024397
4590.1  1.011598
4590.8  1.011006
4591.5  0.9708058
4592.2  0.9952397
4592.9  0.9830028
4593.6  1.026568
4594.3  0.9791304
4595.  1.035553
4595.7  1.02079
4596.4  0.9759987
4597.1  0.9656402
4597.8  0.9444609
4598.5  0.9438325
4599.2  0.9895299
4599.9  1.003202
4600.6  0.96852
4601.3  0.9646454
4602.  0.99831
4602.7  0.9422337
4603.4  0.9513564
4604.1  0.97663
4604.8  0.9521654
4605.5  0.9537661
4606.2  0.9657761
4606.9  1.007277
4607.6  0.9512119
4608.3  0.9411803
4609.  1.002026
4609.7  1.016413
4610.4  1.010537
4611.1  0.955627
4611.8  0.9957815
4612.5  1.002817
4613.2  0.9993412
4613.9  0.9931718
4614.6  1.013669
4615.3  1.051682
4616.  1.024839
4616.7  1.048536
4617.4  1.031116
4618.1  1.065118
4618.8  1.01638
4619.5  1.001439
4620.2  0.9922878
4620.9  0.9907731
4621.6  0.9829207
4622.3  0.9863408
4623.  1.012556
4623.7  1.004039
4624.4  1.039831
4625.1  0.9826227
4625.8  1.010245
4626.5  1.046126
4627.2  1.01545
4627.9  1.02456
4628.6  1.01799
4629.3  1.063332
4630.  0.9985956
4630.7  0.9623705
4631.4  1.003411
4632.1  0.9732435
4632.8  0.9900103
4633.5  1.002245
4634.2  0.9898028
4634.9  0.939835
4635.6  0.9977785
4636.3  1.059508
4637.  0.982829
4637.7  0.9735182
4638.4  0.9663807
4639.1  1.013731
4639.8  1.022103
4640.5  1.018505
4641.2  0.9626288
4641.9  0.9736828
4642.6  0.9982569
4643.3  0.9964394
4644.  1.002285
4644.7  0.9302903
4645.4  0.9111966
4646.1  0.9192019
4646.8  0.950923
4647.5  0.9429272
4648.2  0.9769047
4648.9  0.9616996
4649.6  0.9701267
4650.3  0.9503226
4651.  0.9412746
4651.7  0.9202873
4652.4  0.955942
4653.1  0.9648746
4653.8  0.9552201
4654.5  0.9524484
4655.2  0.9476556
4655.9  0.9730316
4656.6  0.9913837
4657.3  1.025241
4658.  1.029056
4658.7  1.018494
4659.4  0.9837526
4660.1  0.9914839
4660.8  1.016181
4661.5  1.018655
4662.2  1.015114
4662.9  0.9819525
4663.6  0.9954566
4664.3  1.014032
4665.  1.028939
4665.7  1.019375
4666.4  0.9960236
4667.1  1.006019
4667.8  0.9992474
4668.5  0.9816651
4669.2  1.008641
4669.9  1.050738
4670.6  1.030343
4671.3  1.018166
4672.  1.011396
4672.7  1.002514
4673.4  0.9958459
4674.1  1.001358
4674.8  0.9893113
4675.5  0.9846267
4676.2  0.9990001
4676.9  0.984447
4677.6  0.9696766
4678.3  0.9793384
4679.  0.9816588
4679.7  0.9678938
4680.4  0.9660883
4681.1  0.9817096
4681.8  0.9693138
4682.5  0.9597807
4683.2  0.9225202
4683.9  0.9498615
4684.6  0.9530554
4685.3  0.9493622
4686.  0.955951
4686.7  0.9627469
4687.4  0.9364218
4688.1  0.9361704
4688.8  0.9244084
4689.5  0.91083
4690.2  0.919235
4690.9  0.9751073
4691.6  0.9811629
4692.3  0.9788202
4693.  0.9665509
4693.7  0.9777563
4694.4  0.982327
4695.1  0.9912993
4695.8  1.003342
4696.5  1.022606
4697.2  1.03925
4697.9  1.045083
4698.6  1.011713
4699.3  1.008189
4700.  1.004208
4700.7  0.9980862
4701.4  0.9924239
4702.1  0.9849235
4702.8  0.9753716
4703.5  0.9860798
4704.2  0.9893209
4704.9  0.9874436
4705.6  0.9963019
4706.3  0.9839436
4707.  0.9853061
4707.7  0.9908341
4708.4  1.01169
4709.1  1.023439
4709.8  1.035546
4710.5  1.035458
4711.2  1.035094
4711.9  1.020813
4712.6  1.012891
4713.3  1.059167
4714.  1.068194
4714.7  1.06696
4715.4  1.03887
4716.1  1.023915
4716.8  1.04471
4717.5  1.03771
4718.2  1.040896
4718.9  1.024628
4719.6  1.014131
4720.3  1.006061
4721.  1.013531
4721.7  1.021521
4722.4  1.026469
4723.1  1.046839
4723.8  1.054366
4724.5  1.033379
4725.2  1.027188
4725.9  1.022252
4726.6  1.013985
4727.3  1.031988
4728.  1.03555
4728.7  1.016438
4729.4  1.009156
4730.1  1.021184
4730.8  1.016074
4731.5  1.00628
4732.2  1.011399
4732.9  1.008193
4733.6  1.000689
4734.3  1.00669
4735.  1.003559
4735.7  1.047799
4736.4  1.051946
4737.1  1.027496
4737.8  1.035751
4738.5  1.037907
4739.2  1.021125
4739.9  1.046547
4740.6  1.05439
4741.3  1.063997
4742.  1.049274
4742.7  1.048463
4743.4  1.056141
4744.1  1.038929
4744.8  1.019022
4745.5  1.021476
4746.2  1.027809
4746.9  1.008627
4747.6  1.002359
4748.3  1.00756
4749.  1.016088
4749.7  1.022622
4750.4  1.011083
4751.1  0.9963095
4751.8  0.9942966
4752.5  1.00366
4753.2  0.999261
4753.9  0.9920126
4754.6  0.9850612
4755.3  0.9847863
4756.  1.007286
4756.7  0.9991645
4757.4  0.9897526
4758.1  0.9989283
4758.8  1.000211
4759.5  1.012468
4760.2  1.000411
4760.9  1.004854
4761.6  1.028126
4762.3  1.014418
4763.  1.006263
4763.7  1.002215
4764.4  0.9994506
4765.1  0.991285
4765.8  0.992502
4766.5  0.9948454
4767.2  1.021503
4767.9  1.014273
4768.6  1.005201
4769.3  1.00984
4770.  1.003067
4770.7  0.9936551
4771.4  0.9847369
4772.1  0.9873962
4772.8  1.011831
4773.5  1.015868
4774.2  1.025555
4774.9  1.015752
4775.6  1.019179
4776.3  1.026734
4777.  1.014973
4777.7  1.013945
4778.4  1.00959
4779.1  1.01469
4779.8  1.009305
4780.5  1.020914
4781.2  1.021104
4781.9  1.006596
4782.6  1.011556
4783.3  1.015301
4784.  1.02657
4784.7  1.022946
4785.4  1.025907
4786.1  1.006474
4786.8  1.007511
4787.5  1.000404
4788.2  0.9894028
4788.9  0.9842126
4789.6  1.003868
4790.3  1.010496
4791.  1.019515
4791.7  1.017672
4792.4  1.015933
4793.1  1.002013
4793.8  1.016683
4794.5  1.016838
4795.2  1.01067
4795.9  1.001053
4796.6  0.9918165
4797.3  0.9842301
4798.  0.9897696
4798.7  1.006948
4799.4  1.018551
4800.1  1.020022
4800.8  0.9813844
4801.5  0.9959656
4802.2  1.021723
4802.9  1.028875
4803.6  1.017583
4804.3  0.9989502
4805.  0.9912673
4805.7  0.992813
4806.4  0.9875427
4807.1  0.992258
4807.8  1.004339
4808.5  1.000248
4809.2  1.001642
4809.9  1.007707
4810.6  0.9929996
4811.3  0.9821541
4812.  1.026109
4812.7  1.042915
4813.4  1.039616
4814.1  1.003253
4814.8  0.9898047
4815.5  0.9683836
4816.2  0.9795712
4816.9  0.9945661
4817.6  1.002169
4818.3  0.9971687
4819.  0.9825597
4819.7  0.9801542
4820.4  0.9803482
4821.1  0.9758791
4821.8  0.9990938
4822.5  1.011182
4823.2  1.00121
4823.9  0.9954572
4824.6  0.9636449
4825.3  0.9869177
4826.  0.9972709
4826.7  0.9785655
4827.4  0.9929299
4828.1  0.9982492
4828.8  0.9850272
4829.5  0.9862787
4830.2  0.9913625
4830.9  0.9926487
4831.6  0.995793
4832.3  1.008078
4833.  0.9913449
4833.7  0.9815536
4834.4  0.9814134
4835.1  0.9924799
4835.8  1.004194
4836.5  1.009005
4837.2  1.004597
4837.9  1.001543
4838.6  0.9909414
4839.3  0.9976418
4840.  1.010285
4840.7  1.003284
4841.4  0.9823328
4842.1  0.9898472
4842.8  0.9936424
4843.5  1.003807
4844.2  1.001764
4844.9  0.9999366
4845.6  0.9875064
4846.3  0.9787391
4847.  0.9677593
4847.7  0.9725109
4848.4  0.9803538
4849.1  0.9733695
4849.8  0.9584283
4850.5  0.9575884
4851.2  0.9947999
4851.9  0.9847924
4852.6  0.9726212
4853.3  0.9277988
4854.  0.9254832
4854.7  0.9374796
4855.4  0.9367321
4856.1  0.9494196
4856.8  0.9442679
4857.5  0.9530371
4858.2  0.9635067
4858.9  1.106461
4859.6  1.215243
4860.3  1.582449
4861.  1.753588
4861.7  1.907841
4862.4  1.967835
4863.1  1.917499
4863.8  1.735488
4864.5  1.43024
4865.2  1.255577
4865.9  1.037179
4866.6  0.9977638
4867.3  0.9875574
4868.  0.9550825
4868.7  0.9396065
4869.4  0.9433425
4870.1  0.9418632
4870.8  0.951647
4871.5  0.9727536
4872.2  0.9649124
4872.9  0.9489315
4873.6  0.9505106
4874.3  0.9566353
4875.  0.9864087
4875.7  0.9890884
4876.4  0.994221
4877.1  1.008349
4877.8  0.9842611
4878.5  0.9513026
4879.2  0.9894238
4879.9  0.9968634
4880.6  0.9814624
4881.3  0.9936243
4882.  0.9931601
4882.7  1.009922
4883.4  0.9958087
4884.1  0.9729781
4884.8  0.9639228
4885.5  0.9701589
4886.2  0.9680454
4886.9  0.9685393
4887.6  0.9667144
4888.3  0.9737337
4889.  0.995041
4889.7  1.003671
4890.4  0.9886383
4891.1  0.9869003
4891.8  0.9745718
4892.5  0.9638891
4893.2  0.9638202
4893.9  0.9919873
4894.6  1.001571
4895.3  1.008449
4896.  1.006868
4896.7  1.002296
4897.4  0.9967118
4898.1  1.005027
4898.8  1.001596
4899.5  1.002516
4900.2  1.00019
4900.9  0.9969297
4901.6  1.004693
4902.3  0.9921113
4903.  0.9865178
4903.7  0.996569
4904.4  1.012248
4905.1  1.019707
4905.8  1.011009
4906.5  1.0127
4907.2  1.018688
4907.9  1.016207
4908.6  0.992442
4909.3  0.9744957
4910.  0.9703481
4910.7  0.9887369
4911.4  0.9894139
4912.1  0.9952928
4912.8  0.9965444
4913.5  1.006612
4914.2  1.018255
4914.9  1.007151
4915.6  0.9920654
4916.3  0.9796891
4917.  0.9848755
4917.7  0.9980658
4918.4  0.9923453
4919.1  0.9922513
4919.8  0.9903128
4920.5  0.9897744
4921.2  0.995536
4921.9  1.007479
4922.6  1.020327
4923.3  1.029354
4924.  1.033176
4924.7  1.034392
4925.4  1.012653
4926.1  1.013563
4926.8  1.010064
4927.5  0.9983814
4928.2  0.9963012
4928.9  1.007654
4929.6  1.017636
4930.3  1.021803
4931.  1.003972
4931.7  0.9993166
4932.4  1.015791
4933.1  1.007676
4933.8  1.011711
4934.5  1.020712
4935.2  0.9938201
4935.9  0.9992609
4936.6  1.00098
4937.3  1.005005
4938.  0.9993545
4938.7  0.9732469
4939.4  0.9766853
4940.1  1.005491
4940.8  0.9870285
4941.5  0.977482
4942.2  0.991398
4942.9  0.9935293
4943.6  0.9911481
4944.3  1.029461
4945.  1.036675
4945.7  1.056897
4946.4  1.044849
4947.1  1.030533
4947.8  1.019359
4948.5  1.011804
4949.2  1.017004
4949.9  1.000316
4950.6  0.9894742
4951.3  0.9819295
4952.  0.9738535
4952.7  0.9743169
4953.4  0.9696754
4954.1  0.9790695
4954.8  0.9930061
4955.5  1.02505
4956.2  1.05638
4956.9  1.144439
4957.6  1.25029
4958.3  1.329553
4959.  1.512841
4959.7  1.539168
4960.4  1.515534
4961.1  1.380846
4961.8  1.293352
4962.5  1.175429
4963.2  1.110157
4963.9  1.043841
4964.6  1.022
4965.3  1.00786
4966.  0.9973837
4966.7  1.005797
4967.4  1.005925
4968.1  0.9938079
4968.8  0.9735821
4969.5  0.9562701
4970.2  0.9721422
4970.9  0.9844556
4971.6  1.010584
4972.3  0.9961382
4973.  0.9929707
4973.7  1.012895
4974.4  1.013609
4975.1  1.031844
4975.8  1.018665
4976.5  1.008449
4977.2  0.9998072
4977.9  1.004834
4978.6  1.007341
4979.3  1.001037
4980.  1.001979
4980.7  0.9966369
4981.4  0.987386
4982.1  0.9931589
4982.8  1.017155
4983.5  0.9866706
4984.2  0.9791113
4984.9  1.005221
4985.6  1.011629
4986.3  1.019623
4987.  1.00765
4987.7  1.006269
4988.4  1.004896
4989.1  1.001586
4989.8  1.005997
4990.5  0.978376
4991.2  0.9864712
4991.9  0.9781903
4992.6  0.9884217
4993.3  0.991622
4994.  1.022425
4994.7  1.032421
4995.4  1.036758
4996.1  1.026892
4996.8  1.010611
4997.5  1.006746
4998.2  1.003761
4998.9  0.9895954
4999.6  0.9800341
5000.3  0.9979894
5001.  0.9989973
5001.7  0.9917368
5002.4  0.9916184
5003.1  0.9991602
5003.8  1.12384
5004.5  1.297729
5005.2  1.577734
5005.9  2.078184
5006.6  2.413778
5007.3  2.60189
5008.  2.561225
5008.7  2.501726
5009.4  2.072463
5010.1  1.785622
5010.8  1.240806
5011.5  1.073963
5012.2  1.013199
5012.9  1.051023
5013.6  1.04315
5014.3  1.020459
5015.  0.99889
5015.7  0.9971458
5016.4  0.9862116
5017.1  1.005345
5017.8  1.017769
5018.5  1.028608
5019.2  1.028071
5019.9  1.011278
5020.6  0.9909592
5021.3  0.9990023
5022.  1.020717
5022.7  1.017514
5023.4  1.023518
5024.1  1.009094
5024.8  1.015189
5025.5  1.025584
5026.2  0.9916692
5026.9  0.9772117
5027.6  1.01356
5028.3  1.02378
5029.  1.031386
5029.7  1.037769
5030.4  1.027331
5031.1  1.012121
5031.8  0.9665668
5032.5  0.9695992
5033.2  1.011149
5033.9  1.011817
5034.6  1.007179
5035.3  1.0017
5036.  1.001689
5036.7  0.9957581
5037.4  1.00679
5038.1  1.015015
5038.8  0.9978477
5039.5  0.9844833
5040.2  0.967862
5040.9  0.9768705
5041.6  0.9806393
5042.3  0.9865878
5043.  0.9702743
5043.7  0.9614537
5044.4  0.9888806
5045.1  1.001609
5045.8  1.013055
5046.5  1.002608
5047.2  1.009622
5047.9  1.019592
5048.6  1.040025
5049.3  1.037289
5050.  0.9990721
5050.7  0.9844338
5051.4  0.9678167
5052.1  0.9679576
5052.8  0.9806404
5053.5  1.007052
5054.2  1.018483
5054.9  1.022831
5055.6  1.023185
5056.3  1.017692
5057.  1.010141
5057.7  1.005559
5058.4  1.005398
5059.1  1.010524
5059.8  1.010172
5060.5  1.005698
5061.2  1.002552
5061.9  1.002954
5062.6  0.9980898
5063.3  1.002189
5064.  1.00941
5064.7  1.006438
5065.4  0.9924778
5066.1  0.9918872
5066.8  1.004863
5067.5  1.014057
5068.2  1.011423
5068.9  0.9983763
5069.6  0.9828886
5070.3  0.9940817
5071.  0.9882087
5071.7  0.9768771
5072.4  0.9906375
5073.1  0.9886439
5073.8  0.9943827
5074.5  1.005512
5075.2  1.013979
5075.9  1.023189
5076.6  1.021289
5077.3  1.015004
5078.  1.014029
5078.7  1.009263
5079.4  0.9883518
5080.1  0.9827965
5080.8  0.9872478
5081.5  0.9795789
5082.2  0.9886257
5082.9  0.9879553
5083.6  0.9696234
5084.3  0.9744547
5085.  0.9857448
5085.7  0.9890334
5086.4  0.9938338
5087.1  0.9866195
5087.8  0.9991698
5088.5  1.005518
5089.2  1.017988
5089.9  1.01437
5090.6  1.005488
5091.3  1.011958
5092.  1.016313
5092.7  1.007601
5093.4  0.9998688
5094.1  1.003162
5094.8  1.002305
5095.5  1.001527
5096.2  1.004914
5096.9  0.9903756
5097.6  0.9888573
5098.3  0.9890699
5099.  1.002972
5099.7  1.007894
5100.4  0.9873975
5101.1  0.9826825
5101.8  0.9827313
5102.5  1.00835
5103.2  1.016768
5103.9  1.015226
5104.6  1.008159
5105.3  1.009788
5106.  0.999648
5106.7  0.9897251
5107.4  1.000012
5108.1  1.004083
5108.8  1.000873
5109.5  0.9812939
5110.2  0.9759884
5110.9  0.9807336
5111.6  0.9872522
5112.3  0.9896716
5113.  1.003744
5113.7  1.017172
5114.4  1.025727
5115.1  1.006407
5115.8  1.005446
5116.5  1.000033
5117.2  0.9870874
5117.9  0.988212
5118.6  0.9999139
5119.3  1.004665
5120.  1.003185
5120.7  1.004195
5121.4  0.9975134
5122.1  0.9906778
5122.8  1.004784
5123.5  1.010203
5124.2  1.02042
5124.9  1.015683
5125.6  1.013546
5126.3  0.9899923
5127.  0.9865263
5127.7  0.9767607
5128.4  0.9719631
5129.1  0.9785792
5129.8  0.9860083
5130.5  0.9869461
5131.2  0.9796174
5131.9  0.9903786
5132.6  0.9959107
5133.3  1.002015
5134.  1.008324
5134.7  0.9919427
5135.4  0.9815617
5136.1  0.9957929
5136.8  1.001303
5137.5  1.008545
5138.2  0.9807242
5138.9  0.9762777
5139.6  0.9979417
5140.3  1.004344
5141.  0.9927647
5141.7  0.9972152
5142.4  1.008017
5143.1  1.011132
5143.8  1.000431
5144.5  1.004596
5145.2  0.9881039
5145.9  0.9992379
5146.6  0.9970179
5147.3  0.9980006
5148.  1.00576
5148.7  1.006958
5149.4  0.9954902
5150.1  0.9909345
5150.8  1.00174
5151.5  1.014114
5152.2  1.0409
5152.9  1.031676
5153.6  1.028921
5154.3  0.9984736
5155.  0.9948656
5155.7  0.9876285
5156.4  0.9706709
5157.1  0.9628907
5157.8  0.9733835
5158.5  0.9791808
5159.2  0.975444
5159.9  0.9743575
5160.6  0.977635
5161.3  0.9851465
5162.  1.004847
5162.7  1.020603
5163.4  1.035577
5164.1  1.026255
5164.8  1.020553
5165.5  1.008537
5166.2  0.9930034
5166.9  0.980382
5167.6  0.9687486
5168.3  0.9679148
5169.  0.9697393
5169.7  0.9785153
5170.4  0.9681921
5171.1  0.9589996
5171.8  0.9588487
5172.5  0.9574537
5173.2  0.965503
5173.9  0.9770741
5174.6  0.9974063
5175.3  1.008542
5176.  1.01264
5176.7  0.9938179
5177.4  0.9958774
5178.1  1.015614
5178.8  1.015782
5179.5  1.020715
5180.2  1.0344
5180.9  1.019818
5181.6  1.014663
5182.3  0.9948142
5183.  0.9929798
5183.7  0.9761778
5184.4  0.9733498
5185.1  0.9845343
5185.8  0.9945819
5186.5  0.9942392
5187.2  0.9998007
5187.9  0.9962215
5188.6  0.9984254
5189.3  1.003159
5190.  0.9904429
5190.7  0.9829342
5191.4  1.007715
5192.1  1.006886
5192.8  1.003354
5193.5  1.004636
5194.2  0.9943247
5194.9  0.970204
5195.6  0.9843246
5196.3  0.9961133
5197.  1.009909
5197.7  1.004649
5198.4  1.000216
5199.1  1.000873
5199.8  0.9935645
5200.5  0.9916802
5201.2  1.013735
5201.9  1.016364
5202.6  1.007731
5203.3  0.9883886
5204.  0.9624399
5204.7  0.9681981
5205.4  0.9871809
5206.1  1.017048
5206.8  1.008128
5207.5  1.00674
5208.2  1.002377
5208.9  1.003121
5209.6  1.006726
5210.3  1.002512
5211.  0.9964451
5211.7  0.9949961
5212.4  1.016602
5213.1  1.029928
5213.8  1.039287
5214.5  1.018442
5215.2  1.005995
5215.9  1.009503
5216.6  1.007683
5217.3  1.006761
5218.  0.9916577
5218.7  0.988906
5219.4  0.9958624
5220.1  1.005736
5220.8  1.026653
5221.5  1.025307
5222.2  1.026202
5222.9  1.026009
5223.6  1.020355
5224.3  1.030629
5225.  1.020674
5225.7  1.016001
5226.4  1.010364
5227.1  0.9864835
5227.8  0.9874892
5228.5  0.9987915
5229.2  0.9895511
5229.9  0.9811242
5230.6  0.9867073
5231.3  0.9957547
5232.  1.001879
5232.7  1.003232
5233.4  1.005665
5234.1  1.013263
5234.8  1.0166
5235.5  1.023529
5236.2  1.018315
5236.9  1.025676
5237.6  1.026453
5238.3  1.026883
5239.  1.026892
5239.7  1.027244
5240.4  0.9867288
5241.1  0.9725149
5241.8  0.9772233
5242.5  0.9901417
5243.2  0.9960111
5243.9  0.996003
5244.6  0.9931517
5245.3  0.9957841
5246.  1.020904
5246.7  1.028708
5247.4  1.010497
5248.1  1.007201
5248.8  1.003317
5249.5  1.014721
5250.2  1.01121
5250.9  1.003462
5251.6  1.020126
5252.3  1.024663
5253.  1.020782
5253.7  1.024021
5254.4  1.035775
5255.1  1.028037
5255.8  1.019622
5256.5  1.01488
5257.2  0.999913
5257.9  0.9874036
5258.6  1.001804
5259.3  0.9955863
5260.  0.9948238
5260.7  1.014054
5261.4  1.009847
5262.1  0.985586
5262.8  0.9920778
5263.5  0.9929845
5264.2  0.9738304
5264.9  0.9744048
5265.6  0.9629712
5266.3  0.9659223
5267.  0.9818837
5267.7  1.001277
5268.4  0.9824636
5269.1  0.9667187
5269.8  0.9749036
5270.5  0.982679
5271.2  0.9904976
5271.9  0.987681
5272.6  0.9866575
5273.3  0.978289
5274.  0.9878153
5274.7  0.9905518
5275.4  0.9792713
5276.1  0.979807
5276.8  0.989118
5277.5  1.009078
5278.2  1.015801
5278.9  1.01609
5279.6  1.012237
5280.3  1.012712
5281.  1.005837
5281.7  1.009208
5282.4  1.00494
5283.1  1.011985
5283.8  1.006823
5284.5  1.009736
5285.2  1.016945
5285.9  1.008853
5286.6  1.015155
5287.3  1.019083
5288.  1.019025
5288.7  0.9921295
5289.4  0.98063
5290.1  0.9939859
5290.8  0.9939335
5291.5  1.008152
5292.2  1.015771
5292.9  1.01634
5293.6  1.01506
5294.3  1.022548
5295.  1.020664
5295.7  0.9891264
5296.4  0.9965752
5297.1  0.9989184
5297.8  0.9998631
5298.5  0.9935364
5299.2  0.9833213
5299.9  0.9909892
5300.6  0.9927442
5301.3  0.9841228
5302.  0.9997376
5302.7  1.012937
5303.4  1.018489
5304.1  1.015711
5304.8  1.024838
5305.5  0.9911638
5306.2  0.9754037
5306.9  0.970712
5307.6  0.9803878
5308.3  0.9811649
5309.  1.000138
5309.7  1.011681
5310.4  1.005805
5311.1  1.021283
5311.8  1.019227
5312.5  1.045186
5313.2  1.028763
5313.9  1.009434
5314.6  1.002156
5315.3  0.9974344
5316.  1.002552
5316.7  1.018369
5317.4  1.025557
5318.1  1.019925
5318.8  1.00741
5319.5  1.001992
5320.2  0.9970392
5320.9  0.9971692
5321.6  0.9852317
5322.3  0.9837931
5323.  0.9773275
5323.7  1.000599
5324.4  1.006595
5325.1  0.9974452
5325.8  1.00425
5326.5  0.9892596
5327.2  0.9827216
5327.9  0.9908544
5328.6  0.9811054
5329.3  0.9648221
5330.  0.9756528
5330.7  0.9793167
5331.4  0.9975988
5332.1  1.005493
5332.8  1.01173
5333.5  1.002672
5334.2  0.9959762
5334.9  0.9821398
5335.6  0.9895267
5336.3  1.012713
5337.  1.024986
5337.7  1.016029
5338.4  0.9949049
5339.1  1.005072
5339.8  1.022082
5340.5  1.003416
5341.2  1.008956
5341.9  1.013111
5342.6  1.009411
5343.3  1.013801
5344.  1.019912
5344.7  1.0119
5345.4  1.00726
5346.1  1.01067
5346.8  1.009008
5347.5  1.003263
5348.2  0.9996367
5348.9  0.997903
5349.6  0.9920722
5350.3  0.9907945
5351.  0.9916981
5351.7  1.005963
5352.4  1.00147
5353.1  0.9841434
5353.8  0.9946445
5354.5  0.9967708
5355.2  0.9970787
5355.9  0.9964772
5356.6  1.004152
5357.3  1.008583
5358.  1.011868
5358.7  1.015531
5359.4  1.02007
5360.1  1.021418
5360.8  1.020109
5361.5  1.023022
5362.2  1.033706
5362.9  1.025188
5363.6  1.011383
5364.3  1.00161
5365.  1.015683
5365.7  1.019554
5366.4  1.031753
5367.1  1.031821
5367.8  1.019561
5368.5  1.01996
5369.2  1.01162
5369.9  1.006416
5370.6  0.9977559
5371.3  0.9823023
5372.  0.9994025
5372.7  1.002854
5373.4  1.003212
5374.1  1.002579
5374.8  0.9999651
5375.5  0.9859565
5376.2  0.9962714
5376.9  0.9997944
5377.6  1.00786
5378.3  1.007344
5379.  1.017213
5379.7  1.00273
5380.4  0.9957611
5381.1  1.007568
5381.8  0.9926388
5382.5  0.9870229
5383.2  0.98404
5383.9  0.9971225
5384.6  1.007445
5385.3  0.9993258
5386.  1.005172
5386.7  0.9946718
5387.4  1.01564
5388.1  1.013753
5388.8  1.007568
5389.5  1.014618
5390.2  1.013616
5390.9  1.012249
5391.6  1.016379
5392.3  1.006713
5393.  0.9982373
5393.7  0.9976402
5394.4  0.9879214
5395.1  0.99231
5395.8  1.001697
5396.5  1.002756
5397.2  1.00125
5397.9  0.9925324
5398.6  1.000526
5399.3  0.9979174
5400.  0.9794591
5400.7  0.9828957
5401.4  0.9850348
5402.1  0.9907276
5402.8  0.9910847
5403.5  0.9888568
5404.2  0.9809639
5404.9  0.9746689
5405.6  0.9722797
5406.3  0.9619881
5407.  0.9390431
5407.7  0.9300139
5408.4  0.9294062
5409.1  0.9421846
5409.8  0.9495363
5410.5  0.9444647
5411.2  0.9179909
5411.9  0.9120828
5412.6  0.9139654
5413.3  0.8991211
5414.  0.8903273
5414.7  0.8928064
5415.4  0.9029752
5416.1  0.9216267
5416.8  0.9385474
5417.5  0.9425218
5418.2  0.9535002
5418.9  0.9516792
5419.6  0.9530199
5420.3  0.9602129
5421.  0.9552459
5421.7  0.9382915
5422.4  0.9377586
5423.1  0.9497755
5423.8  0.9687374
5424.5  0.9907669
5425.2  0.9952126
5425.9  0.9823526
5426.6  0.9927635
5427.3  0.9927101
5428.  0.9985369
5428.7  1.010669
5429.4  1.006618
5430.1  1.01761
5430.8  1.008692
5431.5  0.9788826
5432.2  0.9868523
5432.9  0.9869397
5433.6  0.9823703
5434.3  0.9871349
5435.  0.9843752
5435.7  0.9884709
5436.4  0.9854753
5437.1  0.9958069
5437.8  1.010319
5438.5  1.021482
5439.2  1.011587
5439.9  0.9963814
5440.6  0.9859443
5441.3  0.9921452
5442.  0.9951643
5442.7  0.9956533
5443.4  0.9880485
5444.1  0.9864652
5444.8  0.9778039
5445.5  0.9819245
5446.2  0.978981
5446.9  0.9633847
5447.6  0.9598208
5448.3  0.9513135
5449.  0.9660093
5449.7  0.9841095
5450.4  0.9982278
5451.1  1.000348
5451.8  1.003012
5452.5  1.018974
5453.2  1.020103
5453.9  1.008324
5454.6  1.00852
5455.3  1.004283
5456.  1.002488
5456.7  1.001762
5457.4  1.003392
5458.1  1.003546
5458.8  1.004047
5459.5  0.9966224
5460.2  0.9992321
5460.9  1.000612
5461.6  0.9775037
5462.3  0.9816286
5463.  1.007776
5463.7  1.00426
5464.4  1.003306
5465.1  0.9891126
5465.8  0.9896731
5466.5  1.003704
5467.2  1.03013
5467.9  1.030875
5468.6  1.009763
5469.3  1.021907
5470.  1.013968
5470.7  1.026037
5471.4  1.020779
5472.1  1.013074
5472.8  1.009933
5473.5  1.010344
5474.2  1.000517
5474.9  1.004695
5475.6  1.000634
5476.3  0.9885347
5477.  0.9880363
5477.7  1.004458
5478.4  1.017567
5479.1  1.010728
5479.8  0.9707379
5480.5  0.9891148
5481.2  0.9955586
5481.9  0.9827265
5482.6  0.9838568
5483.3  0.9906199
5484.  0.9940909
5484.7  0.9932216
5485.4  0.9973621
5486.1  1.000251
5486.8  1.003312
5487.5  0.9972786
5488.2  0.9911633
5488.9  0.9970109
5489.6  0.9952714
5490.3  0.9909021
5491.  0.9992478
5491.7  1.011058
5492.4  1.011133
5493.1  0.9861093
5493.8  0.9911316
5494.5  0.9959958
5495.2  1.000108
5495.9  1.005698
5496.6  1.034695
5497.3  1.028876
5498.  1.026832
5498.7  1.01235
5499.4  1.004561
5500.1  0.9857226
5500.8  0.9968481
5501.5  1.000815
5502.2  1.0192
5502.9  1.007732
5503.6  0.9881936
5504.3  0.9903529
5505.  0.9883614
5505.7  1.003533
5506.4  0.9964209
5507.1  0.9881663
5507.8  0.9824296
5508.5  0.9987326
5509.2  1.010574
5509.9  1.033755
5510.6  1.027901
5511.3  1.004684
5512.  1.009513
5512.7  1.006145
5513.4  1.026243
5514.1  1.008818
5514.8  1.004706
5515.5  0.9875006
5516.2  0.9970254
5516.9  1.009992
5517.6  1.026441
5518.3  1.032581
5519.  1.012277
5519.7  1.004766
5520.4  0.9915147
5521.1  1.011619
5521.8  1.013748
5522.5  1.022496
5523.2  1.023663
5523.9  1.017209
5524.6  1.008476
5525.3  1.007091
5526.  1.018183
5526.7  1.015732
5527.4  1.014211
5528.1  1.003752
5528.8  0.9970933
5529.5  0.9946924
5530.2  0.9872723
5530.9  0.9853597
5531.6  0.9860049
5532.3  0.9933428
5533.  0.9824401
5533.7  0.9789437
5534.4  0.9933439
5535.1  1.005225
5535.8  1.004161
5536.5  0.9960668
5537.2  0.9910358
5537.9  0.9920527
5538.6  1.001
5539.3  1.014607
5540.  1.014872
5540.7  1.017321
5541.4  1.003204
5542.1  1.019194
5542.8  1.034235
5543.5  1.00203
5544.2  0.9862485
5544.9  0.997318
5545.6  1.005598
5546.3  1.003505
5547.  0.9962465
5547.7  0.9927301
5548.4  1.003459
5549.1  1.011416
5549.8  1.020544
5550.5  1.008127
5551.2  1.00796
5551.9  1.001264
5552.6  1.030861
5553.3  1.025355
5554.  1.006308
5554.7  1.000254
5555.4  0.9964517
5556.1  0.9978266
5556.8  1.011461
5557.5  1.013736
5558.2  0.9912017
5558.9  0.9977404
5559.6  0.9999404
5560.3  0.9901025
5561.  0.9798374
5561.7  0.9882261
5562.4  0.9950392
5563.1  0.9901857
5563.8  0.989796
5564.5  0.9947062
5565.2  1.007101
5565.9  1.00969
5566.6  1.009925
5567.3  0.9950749
5568.  0.9931734
5568.7  0.9925779
5569.4  0.9746308
5570.1  0.9724286
5570.8  0.9675989
5571.5  0.9759593
5572.2  0.9930046
5572.9  1.000137
5573.6  1.035338
5574.3  1.074283
5575.  1.105897
5575.7  1.177061
5576.4  1.18444
5577.1  1.019348
5577.8  0.9647216
5578.5  0.9197379
5579.2  0.9153475
5579.9  0.8478749
5580.6  0.8568617
5581.3  0.8520561
5582.  0.8598738
5582.7  0.9349602
5583.4  0.992771
5584.1  0.9952292
5584.8  0.9991541
5585.5  1.000826
5586.2  0.9982528
5586.9  0.9928669
5587.6  0.9952178
5588.3  1.013353
5589.  1.018435
5589.7  1.029094
5590.4  1.022731
5591.1  1.014587
5591.8  1.017018
5592.5  1.015378
5593.2  1.010402
5593.9  1.005697
5594.6  0.9927641
5595.3  0.9944692
5596.  1.004008
5596.7  1.012983
5597.4  0.995699
5598.1  0.981773
5598.8  0.9638976
5599.5  0.9984658
5600.2  1.003271
5600.9  0.9816669
5601.6  0.9906807
5602.3  0.9808502
5603.  0.982331
5603.7  0.9867783
5604.4  1.003445
5605.1  1.023835
5605.8  1.02449
5606.5  1.025827
5607.2  1.010849
5607.9  0.9972698
5608.6  1.001642
5609.3  1.003064
5610.  1.014447
5610.7  1.00035
5611.4  0.9963414
5612.1  1.010375
5612.8  1.011939
5613.5  1.02413
5614.2  1.019232
5614.9  1.006642
5615.6  1.023283
5616.3  1.016559
5617.  0.9997576
5617.7  1.000677
5618.4  1.006289
5619.1  1.014768
5619.8  1.026049
5620.5  1.016302
5621.2  1.035116
5621.9  1.019651
5622.6  1.023306
5623.3  1.01065
5624.  1.006587
5624.7  1.022826
5625.4  1.005608
5626.1  1.002126
5626.8  1.026204
5627.5  1.018772
5628.2  1.004651
5628.9  0.9895631
5629.6  0.9974109
5630.3  1.000281
5631.  1.003167
5631.7  1.011205
5632.4  1.009804
5633.1  0.9907904
5633.8  0.9891183
5634.5  1.015684
5635.2  1.01427
5635.9  1.006079
5636.6  1.015421
5637.3  1.012264
5638.  0.9940733
5638.7  0.9884503
5639.4  0.9924598
5640.1  0.9981242
5640.8  0.9942142
5641.5  1.00001
5642.2  0.9946809
5642.9  0.9988223
5643.6  1.000259
5644.3  0.9955247
5645.  1.00377
5645.7  1.013878
5646.4  1.015622
5647.1  1.021543
5647.8  0.9988539
5648.5  1.000217
5649.2  1.017717
5649.9  1.013986
5650.6  1.002594
5651.3  1.010667
5652.  1.008125
5652.7  1.005576
5653.4  0.9951083
5654.1  1.001455
5654.8  1.018712
5655.5  1.022406
5656.2  0.9977789
5656.9  0.9993042
5657.6  0.9966571
5658.3  1.001752
5659.  1.003245
5659.7  1.000818
5660.4  0.9921346
5661.1  0.9936652
5661.8  0.985369
5662.5  0.9880199
5663.2  0.9965043
5663.9  1.002113
5664.6  1.003533
5665.3  0.9991748
5666.  0.9861407
5666.7  1.001352
5667.4  1.01039
5668.1  1.004932
5668.8  1.008027
5669.5  1.008179
5670.2  1.000586
5670.9  1.002053
5671.6  0.9964095
5672.3  1.017286
5673.  1.026427
5673.7  1.018662
5674.4  1.011428
5675.1  1.003086
5675.8  1.000377
5676.5  1.008337
5677.2  0.9937167
5677.9  1.000207
5678.6  1.00742
5679.3  1.008072
5680.  1.005049
5680.7  1.007456
5681.4  0.9840714
5682.1  0.9809557
5682.8  0.9865548
5683.5  0.9890975
5684.2  0.9886422
5684.9  0.98329
5685.6  0.9915121
5686.3  0.9906026
5687.  0.9921193
5687.7  1.00122
5688.4  1.00544
5689.1  1.002681
5689.8  1.00105
5690.5  1.006791
5691.2  1.000504
5691.9  1.002351
5692.6  0.9858508
5693.3  0.9875972
5694.  0.9816256
5694.7  0.985099
5695.4  1.009261
5696.1  1.016469
5696.8  1.018934
5697.5  1.013168
5698.2  0.9948936
5698.9  0.9821075
5699.6  0.9850196
5700.3  0.9787868
5701.  0.9727991
5701.7  0.9865038
5702.4  1.001883
5703.1  1.005108
5703.8  0.9935001
5704.5  0.9915705
5705.2  0.9947057
5705.9  1.004939
5706.6  1.015849
5707.3  0.9868405
5708.  0.9836835
5708.7  0.9901447
5709.4  0.9822503
5710.1  0.982976
5710.8  0.9923714
5711.5  0.9958363
5712.2  1.007314
5712.9  1.025889
5713.6  1.021664
5714.3  1.004939
5715.  0.9926535
5715.7  0.9776668
5716.4  0.9856427
5717.1  0.9940711
5717.8  0.9920876
5718.5  1.001044
5719.2  1.010726
5719.9  1.02022
5720.6  1.022678
5721.3  1.020748
5722.  1.011121
5722.7  1.001839
5723.4  0.9931873
5724.1  1.016195
5724.8  1.025303
5725.5  1.033054
5726.2  1.011423
5726.9  0.9862715
5727.6  0.9752608
5728.3  0.9929627
5729.  1.032221
5729.7  1.028267
5730.4  1.02583
5731.1  0.9914905
5731.8  1.005205
5732.5  1.014216
5733.2  0.991924
5733.9  0.9909444
5734.6  0.995454
5735.3  0.9877214
5736.  0.9801294
5736.7  1.009892
5737.4  1.007624
5738.1  1.004703
5738.8  0.993705
5739.5  0.994836
5740.2  1.01362
5740.9  1.002566
5741.6  1.003641
5742.3  1.02058
5743.  1.014988
5743.7  1.009108
5744.4  0.9952431
5745.1  0.9997557
5745.8  1.014605
5746.5  1.024562
5747.2  1.020745
5747.9  0.9954479
5748.6  1.0006
5749.3  1.011693
5750.  1.019117
5750.7  1.008405
5751.4  0.9943535
5752.1  1.043752
5752.8  1.071144
5753.5  1.054299
5754.2  1.055241
5754.9  1.053957
5755.6  1.066281
5756.3  1.065
5757.  1.035517
5757.7  1.065158
5758.4  1.056172
5759.1  0.9942876
5759.8  0.9974988
5760.5  0.9961307
5761.2  1.001966
5761.9  0.9826161
5762.6  0.9691111
5763.3  0.965062
5764.  0.9481991
5764.7  1.004481
5765.4  1.008254
5766.1  1.01366
5766.8  0.9999679
5767.5  0.9681689
5768.2  0.9402458
5768.9  0.9646314
5769.6  0.9522827
5770.3  1.003979
5771.  0.9969647
5771.7  0.983063
5772.4  0.9770054
5773.1  0.9690229
5773.8  0.9316317
5774.5  0.9504139
5775.2  0.9888343
5775.9  0.9822523
5776.6  0.9777183
5777.3  0.9473662
5778.  0.9455727
5778.7  0.9503108
5779.4  0.9486131
5780.1  0.9402261
5780.8  0.9295029
5781.5  0.9513593
5782.2  0.9623719
5782.9  0.9699112
5783.6  0.9720361
5784.3  0.9590969
5785.  0.9724452
5785.7  0.9868188
5786.4  0.9967049
5787.1  1.00264
5787.8  1.003641
5788.5  1.002207
5789.2  0.9895303
5789.9  0.9890969
5790.6  0.99027
5791.3  0.9753487
5792.  0.9747796
5792.7  0.9941322
5793.4  0.9946363
5794.1  0.9797046
5794.8  0.9716089
5795.5  0.9699689
5796.2  0.9868709
5796.9  0.993919
5797.6  0.9772799
5798.3  0.966475
5799.  0.9779239
5799.7  0.9999232
5800.4  1.02594
5801.1  1.018388
5801.8  1.005762
5802.5  1.015721
5803.2  1.0058
5803.9  1.012236
5804.6  1.014187
5805.3  1.016198
5806.  1.001922
5806.7  0.9958115
5807.4  1.000805
5808.1  0.9994993
5808.8  0.9905294
5809.5  0.9790338
5810.2  0.9829459
5810.9  0.9899154
5811.6  0.9939124
5812.3  1.008409
5813.  1.012023
5813.7  1.014534
5814.4  0.999467
5815.1  0.9793869
5815.8  0.9759572
5816.5  0.9659806
5817.2  0.9866955
5817.9  1.001157
5818.6  1.016723
5819.3  1.018373
5820.  1.005711
5820.7  0.9941141
5821.4  1.004001
5822.1  1.021485
5822.8  1.012403
5823.5  1.008659
5824.2  1.02536
5824.9  1.019758
5825.6  1.007606
5826.3  1.008283
5827.  1.008238
5827.7  1.001826
5828.4  1.007133
5829.1  1.028665
5829.8  1.028932
5830.5  1.01169
5831.2  0.9880608
5831.9  0.9893062
5832.6  0.9990755
5833.3  0.9944844
5834.  0.9998716
5834.7  1.004004
5835.4  0.9908513
5836.1  0.993825
5836.8  0.9938664
5837.5  0.991917
5838.2  1.001017
5838.9  1.004489
5839.6  0.9982165
5840.3  1.000424
5841.  1.0051
5841.7  1.000534
5842.4  0.9978949
5843.1  0.979897
5843.8  0.9849077
5844.5  1.014014
5845.2  1.015512
5845.9  1.009193
5846.6  1.015501
5847.3  1.005051
5848.  0.995625
5848.7  0.9828191
5849.4  0.9771333
5850.1  0.9994503
5850.8  0.9922789
5851.5  0.9926906
5852.2  0.9995083
5852.9  1.000218
5853.6  0.9986888
5854.3  1.005922
5855.  1.004933
5855.7  1.001503
5856.4  1.004744
5857.1  1.004092
5857.8  0.9934558
5858.5  0.9906284
5859.2  0.9906129
5859.9  1.002364
5860.6  0.9975529
5861.3  0.9925978
5862.  0.9890063
5862.7  0.9751061
5863.4  0.9767282
5864.1  0.9868546
5864.8  1.004968
5865.5  1.017566
5866.2  1.022387
5866.9  1.002343
5867.6  0.9890128
5868.3  0.9836178
5869.  0.998432
5869.7  1.011963
5870.4  1.01719
5871.1  1.035117
5871.8  1.060295
5872.5  1.078745
5873.2  1.1149
5873.9  1.14968
5874.6  1.227007
5875.3  1.280752
5876.  1.350704
5876.7  1.349859
5877.4  1.326856
5878.1  1.276973
5878.8  1.214253
5879.5  1.158424
5880.2  1.09968
5880.9  1.071753
5881.6  1.019653
5882.3  0.98117
5883.  0.9822927
5883.7  0.9857343
5884.4  1.00729
5885.1  1.015317
5885.8  0.9958646
5886.5  0.9800202
5887.2  0.9517366
5887.9  0.9012375
5888.6  0.8804535
5889.3  0.8658261
5890.  0.8718432
5890.7  0.8791432
5891.4  0.8877265
5892.1  0.8951478
5892.8  0.9067312
5893.5  0.9007943
5894.2  0.9005163
5894.9  0.9111113
5895.6  0.9058391
5896.3  0.9008076
5897.  0.9262217
5897.7  0.9267803
5898.4  0.9310182
5899.1  0.9382249
5899.8  0.9328204
5900.5  0.9451881
5901.2  0.9306666
5901.9  0.9395757
5902.6  0.9270575
5903.3  0.9459738
5904.  0.9833038
5904.7  0.969113
5905.4  0.9568854
5906.1  0.9409149
5906.8  0.9502876
5907.5  0.964265
5908.2  1.00904
5908.9  1.009381
5909.6  0.9753268
5910.3  0.9781741
5911.  0.990669
5911.7  1.016152
5912.4  1.015374
5913.1  0.9944288
5913.8  0.9857443
5914.5  0.9902742
5915.2  0.9957238
5915.9  0.9956039
5916.6  1.002577
5917.3  1.03541
5918.  1.021426
5918.7  1.005743
5919.4  0.9976135
5920.1  0.9819592
5920.8  0.9672657
5921.5  0.9748059
5922.2  0.9893855
5922.9  0.9991906
5923.6  1.005611
5924.3  1.010358
5925.  0.9994142
5925.7  0.9914874
5926.4  0.9916575
5927.1  0.9926751
5927.8  1.004914
5928.5  0.9913725
5929.2  0.9958679
5929.9  0.999635
5930.6  1.014964
5931.3  1.02138
5932.  1.028112
5932.7  1.001413
5933.4  0.9834763
5934.1  1.01633
5934.8  1.027752
5935.5  1.039721
5936.2  1.034394
5936.9  1.03164
5937.6  1.019298
5938.3  1.018785
5939.  1.02765
5939.7  1.015943
5940.4  1.000986
5941.1  0.9762366
5941.8  0.9831934
5942.5  0.9711869
5943.2  0.9748741
5943.9  0.9803757
5944.6  0.988234
5945.3  1.005569
5946.  0.9985495
5946.7  0.9973953
5947.4  1.007465
5948.1  0.9989833
5948.8  1.004496
5949.5  1.006414
5950.2  1.006013
5950.9  1.013833
5951.6  1.009968
5952.3  1.014473
5953.  1.012791
5953.7  1.010262
5954.4  1.007263
5955.1  1.003446
5955.8  0.9935544
5956.5  0.9995804
5957.2  1.008449
5957.9  1.022762
5958.6  1.023121
5959.3  1.015149
5960.  1.005401
5960.7  0.9939692
5961.4  0.9919841
5962.1  0.9786707
5962.8  0.9798933
5963.5  1.01335
5964.2  0.9969821
5964.9  0.9910924
5965.6  0.9887319
5966.3  0.9943717
5967.  1.002017
5967.7  1.002561
5968.4  1.006044
5969.1  1.014925
5969.8  1.022953
5970.5  1.024605
5971.2  0.9991868
5971.9  1.007706
5972.6  1.01877
5973.3  1.014427
5974.  1.009965
5974.7  0.994579
5975.4  1.001829
5976.1  1.001934
5976.8  0.9997613
5977.5  0.9968377
5978.2  0.9940097
5978.9  0.9855084
5979.6  0.9890475
5980.3  1.006017
5981.  1.006608
5981.7  1.007773
5982.4  0.9954615
5983.1  0.9935643
5983.8  0.9872422
5984.5  0.9828353
5985.2  0.988628
5985.9  0.9924303
5986.6  0.9963407
5987.3  1.00939
5988.  0.9874897
5988.7  0.9865486
5989.4  0.9860555
5990.1  0.9796316
5990.8  0.9826916
5991.5  1.017051
5992.2  1.004997
5992.9  1.02005
5993.6  1.027457
5994.3  1.014388
5995.  1.013952
5995.7  1.019188
5996.4  1.031526
5997.1  1.025658
5997.8  1.015597
5998.5  1.012203
5999.2  1.00747
5999.9  1.01307
6000.6  1.01252
6001.3  0.9947975
6002.  0.9954693
6002.7  0.9965159
6003.4  1.010766
6004.1  1.021961
6004.8  1.023648
6005.5  1.018445
6006.2  1.018475
6006.9  1.003339
6007.6  1.00398
6008.3  1.009974
6009.  1.011364
6009.7  1.010314
6010.4  1.014973
6011.1  1.007032
6011.8  1.010706
6012.5  1.010166
6013.2  0.9993055
6013.9  0.9905677
6014.6  1.002442
6015.3  1.016386
6016.  1.008716
6016.7  1.007129
6017.4  1.007558
6018.1  1.025045
6018.8  1.026024
6019.5  1.004254
6020.2  1.008395
6020.9  1.00727
6021.6  0.9824315
6022.3  0.9752456
6023.  0.9884242
6023.7  1.005092
6024.4  1.006245
6025.1  0.9981111
6025.8  1.003468
6026.5  1.000705
6027.2  1.010964
6027.9  0.9994302
6028.6  0.9839346
6029.3  0.9934369
6030.  1.003733
6030.7  0.995949
6031.4  1.001502
6032.1  0.9974885
6032.8  0.9974748
6033.5  1.018387
6034.2  1.034829
6034.9  1.005289
6035.6  1.004103
6036.3  0.9777306
6037.  0.9841953
6037.7  0.9888739
6038.4  1.011362
6039.1  1.005682
6039.8  0.9807417
6040.5  1.006606
6041.2  1.003695
6041.9  1.009561
6042.6  0.9965227
6043.3  0.9940005
6044.  0.9997235
6044.7  1.000756
6045.4  0.9868515
6046.1  1.00451
6046.8  1.012754
6047.5  1.02713
6048.2  1.022111
6048.9  1.014901
6049.6  1.01189
6050.3  0.9966032
6051.  1.013112
6051.7  1.017563
6052.4  1.016483
6053.1  1.027145
6053.8  1.016978
6054.5  1.017471
6055.2  1.00423
6055.9  1.010022
6056.6  1.012464
6057.3  1.003117
6058.  1.008567
6058.7  1.023697
6059.4  1.015598
6060.1  1.005859
6060.8  1.007025
6061.5  1.010041
6062.2  0.9981124
6062.9  0.9939754
6063.6  1.003057
6064.3  1.006945
6065.  1.013044
6065.7  1.017319
6066.4  1.002494
6067.1  0.9946769
6067.8  1.006783
6068.5  0.9974742
6069.2  1.004034
6069.9  1.006827
6070.6  1.00644
6071.3  0.992652
6072.  0.9848418
6072.7  0.9912136
6073.4  1.013796
6074.1  1.018001
6074.8  1.021908
6075.5  0.9975748
6076.2  0.9966307
6076.9  0.9987956
6077.6  0.9960639
6078.3  0.9956898
6079.  0.9989638
6079.7  1.006549
6080.4  1.005954
6081.1  1.008492
6081.8  1.010652
6082.5  0.9874045
6083.2  1.00643
6083.9  1.016381
6084.6  1.0128
6085.3  1.013532
6086.  1.005217
6086.7  0.9931123
6087.4  1.010626
6088.1  1.012935
6088.8  1.025859
6089.5  1.026295
6090.2  1.006771
6090.9  1.017412
6091.6  1.032936
6092.3  1.045951
6093.  1.041708
6093.7  1.016056
6094.4  1.007453
6095.1  1.003553
6095.8  1.016654
6096.5  1.01319
6097.2  1.016073
6097.9  1.009722
6098.6  1.013352
6099.3  1.007738
6100.  1.028311
6100.7  1.028563
6101.4  0.9905908
6102.1  1.00491
6102.8  1.006869
6103.5  0.9938276
6104.2  0.9898587
6104.9  0.9851729
6105.6  0.9964186
6106.3  1.001372
6107.  0.9997051
6107.7  0.9861555
6108.4  0.9760545
6109.1  0.961421
6109.8  0.9584229
6110.5  0.9810661
6111.2  1.009659
6111.9  1.01531
6112.6  1.019649
6113.3  1.012326
6114.  1.011851
6114.7  0.9992228
6115.4  0.9938603
6116.1  0.9948925
6116.8  1.007332
6117.5  1.000363
6118.2  1.004986
6118.9  0.9977287
6119.6  0.9835218
6120.3  0.9875389
6121.  0.9936779
6121.7  1.009664
6122.4  1.007786
6123.1  1.000444
6123.8  1.005419
6124.5  1.007718
6125.2  1.014168
6125.9  1.008837
6126.6  1.009371
6127.3  1.019649
6128.  1.007704
6128.7  0.992727
6129.4  0.9741755
6130.1  0.984051
6130.8  0.9921257
6131.5  0.9974098
6132.2  1.004163
6132.9  1.004026
6133.6  1.009911
6134.3  1.012738
6135.  1.002841
6135.7  1.012282
6136.4  1.018125
6137.1  0.9969222
6137.8  0.9946806
6138.5  0.9862217
6139.2  0.9999562
6139.9  1.009557
6140.6  1.019177
6141.3  1.013938
6142.  0.9847424
6142.7  1.004468
6143.4  1.006666
6144.1  1.007014
6144.8  1.014138
6145.5  1.015133
6146.2  1.010834
6146.9  1.010421
6147.6  1.007874
6148.3  1.014919
6149.  0.9982536
6149.7  1.002598
6150.4  1.00345
6151.1  1.006763
6151.8  1.004677
6152.5  0.9894016
6153.2  0.9795883
6153.9  0.9793946
6154.6  0.9823647
6155.3  1.00017
6156.  1.008133
6156.7  1.00914
6157.4  0.9901919
6158.1  0.9833617
6158.8  0.9935307
6159.5  1.004623
6160.2  1.007291
6160.9  0.9980491
6161.6  1.009365
6162.3  1.010667
6163.  0.9666422
6163.7  0.9573318
6164.4  0.9667438
6165.1  0.9875935
6165.8  1.003009
6166.5  1.002239
6167.2  0.9967244
6167.9  0.9749107
6168.6  0.9774376
6169.3  0.9842051
6170.  0.9677663
6170.7  0.9666127
6171.4  0.9602739
6172.1  0.9861895
6172.8  0.9923139
6173.5  0.9924712
6174.2  0.9787371
6174.9  0.9735433
6175.6  0.9818085
6176.3  0.9768472
6177.  0.9948666
6177.7  0.9861656
6178.4  0.9896173
6179.1  0.9875098
6179.8  0.9964765
6180.5  0.9960117
6181.2  0.9951401
6181.9  1.001077
6182.6  0.9902021
6183.3  0.985751
6184.  0.9960787
6184.7  0.988697
6185.4  0.9939882
6186.1  0.9918357
6186.8  0.9936576
6187.5  0.9981676
6188.2  1.000657
6188.9  0.9935206
6189.6  0.9865261
6190.3  0.9854556
6191.  0.9781641
6191.7  0.9830328
6192.4  0.9902504
6193.1  0.9854068
6193.8  0.9926922
6194.5  0.9888107
6195.2  0.9896802
6195.9  0.9927446
6196.6  0.9933107
6197.3  0.9937953
6198.  1.002583
6198.7  1.00114
6199.4  0.9916424
6200.1  0.9845609
6200.8  0.9699383
6201.5  0.977364
6202.2  0.9952033
6202.9  0.991542
6203.6  0.9747441
6204.3  0.9848372
6205.  0.9968854
6205.7  0.991097
6206.4  1.001227
6207.1  1.009308
6207.8  0.9905196
6208.5  0.9807594
6209.2  0.9884534
6209.9  1.002091
6210.6  1.010908
6211.3  1.010096
6212.  1.010482
6212.7  1.016518
6213.4  1.002969
6214.1  0.9953865
6214.8  0.9633425
6215.5  0.9829103
6216.2  0.9925564
6216.9  0.9931518
6217.6  1.012451
6218.3  1.023113
6219.  1.014654
6219.7  1.009328
6220.4  1.036407
6221.1  1.035587
6221.8  1.030126
6222.5  0.9894426
6223.2  0.9885176
6223.9  1.012189
6224.6  1.001092
6225.3  1.001023
6226.  1.007214
6226.7  1.009859
6227.4  1.003327
6228.1  1.022
6228.8  1.022788
6229.5  1.002819
6230.2  1.014916
6230.9  1.014642
6231.6  1.017099
6232.3  1.019287
6233.  1.024029
6233.7  1.011152
6234.4  1.004796
6235.1  1.00403
6235.8  0.9976917
6236.5  1.002109
6237.2  1.023218
6237.9  1.028165
6238.6  1.035052
6239.3  1.014733
6240.  1.015535
6240.7  1.015099
6241.4  1.002349
6242.1  0.9972938
6242.8  1.014433
6243.5  1.020055
6244.2  1.026806
6244.9  1.019631
6245.6  1.0163
6246.3  1.00539
6247.  1.007087
6247.7  0.9993904
6248.4  0.9918252
6249.1  0.9922507
6249.8  0.9984232
6250.5  0.9991509
6251.2  1.003225
6251.9  1.014326
6252.6  1.019443
6253.3  1.032813
6254.  0.9983866
6254.7  0.9795205
6255.4  0.9778983
6256.1  0.9707643
6256.8  0.9948649
6257.5  1.029391
6258.2  1.028708
6258.9  1.022897
6259.6  1.017986
6260.3  1.015814
6261.  1.012638
6261.7  1.004111
6262.4  1.014626
6263.1  1.023927
6263.8  1.017596
6264.5  1.017768
6265.2  1.021006
6265.9  1.01928
6266.6  1.025639
6267.3  1.022297
6268.  1.012673
6268.7  0.9966267
6269.4  1.000067
6270.1  0.9958618
6270.8  0.9865415
6271.5  1.007105
6272.2  1.020952
6272.9  1.006178
6273.6  0.9941586
6274.3  0.9815341
6275.  0.9974761
6275.7  0.9908149
6276.4  0.9673738
6277.1  0.967973
6277.8  0.9753289
6278.5  0.9515329
6279.2  0.9474999
6279.9  0.9225808
6280.6  0.9280869
6281.3  0.9415538
6282.  0.9208806
6282.7  0.9169556
6283.4  0.9041199
6284.1  0.9158797
6284.8  0.9302465
6285.5  0.9271389
6286.2  0.9566213
6286.9  0.9711273
6287.6  0.9728584
6288.3  0.9596376
6289.  0.9500191
6289.7  0.977697
6290.4  0.9698275
6291.1  0.9818018
6291.8  0.9784574
6292.5  0.9911976
6293.2  1.004336
6293.9  1.000904
6294.6  0.9926767
6295.3  0.9893398
6296.  0.9861851
6296.7  0.966151
6297.4  1.011635
6298.1  1.04303
6298.8  1.045164
6299.5  1.050455
6300.2  1.068733
6300.9  1.050162
6301.6  1.019258
6302.3  0.9884386
6303.  0.9972255
6303.7  0.9582853
6304.4  1.001435
6305.1  1.013339
6305.8  1.008934
6306.5  0.9941154
6307.2  0.9978872
6307.9  0.9730175
6308.6  0.984915
6309.3  0.9946783
6310.  1.011416
6310.7  1.019836
6311.4  1.022216
6312.1  1.018807
6312.8  1.006851
6313.5  1.003727
6314.2  1.006288
6314.9  1.000823
6315.6  0.9769323
6316.3  0.978387
6317.  0.9630226
6317.7  0.9774343
6318.4  0.9888178
6319.1  0.997717
6319.8  1.002377
6320.5  0.9956247
6321.2  0.9692607
6321.9  0.9744217
6322.6  0.9796618
6323.3  1.002861
6324.  1.011858
6324.7  1.019953
6325.4  1.008788
6326.1  0.9892018
6326.8  0.9941369
6327.5  1.018587
6328.2  1.038409
6328.9  1.03251
6329.6  1.027933
6330.3  1.004514
6331.  1.013853
6331.7  1.021156
6332.4  1.007662
6333.1  0.9950172
6333.8  0.971754
6334.5  0.9941597
6335.2  1.01817
6335.9  1.012819
6336.6  1.005773
6337.3  1.000428
6338.  0.9991118
6338.7  0.9873003
6339.4  0.9771667
6340.1  0.9884618
6340.8  0.9956588
6341.5  0.987947
6342.2  1.00557
6342.9  1.018586
6343.6  1.002889
6344.3  0.9970718
6345.  0.9738036
6345.7  0.9756365
6346.4  0.9907925
6347.1  1.000539
6347.8  1.005574
6348.5  0.9997389
6349.2  1.00042
6349.9  0.9965241
6350.6  0.9997718
6351.3  0.996782
6352.  1.005464
6352.7  0.9923626
6353.4  0.9964442
6354.1  0.9865221
6354.8  0.9868456
6355.5  0.9846976
6356.2  0.996312
6356.9  0.9949411
6357.6  1.001252
6358.3  0.982693
6359.  0.9734306
6359.7  1.008308
6360.4  1.022381
6361.1  1.024256
6361.8  1.015774
6362.5  1.023243
6363.2  1.026155
6363.9  1.034194
6364.6  1.018976
6365.3  0.988535
6366.  1.015368
6366.7  1.024232
6367.4  1.02918
6368.1  1.008366
6368.8  1.011416
6369.5  0.9919007
6370.2  0.9882663
6370.9  0.997301
6371.6  0.9791672
6372.3  0.9810827
6373.  1.003283
6373.7  0.9791685
6374.4  0.9783654
6375.1  0.9662178
6375.8  0.9624425
6376.5  0.9692261
6377.2  0.9802488
6377.9  0.9908765
6378.6  0.9797994
6379.3  1.002901
6380.  1.017841
6380.7  1.014715
6381.4  1.01863
6382.1  1.031292
6382.8  1.028079
6383.5  1.018027
6384.2  0.9982864
6384.9  0.9883026
6385.6  0.9947281
6386.3  1.020759
6387.  1.023455
6387.7  1.033294
6388.4  1.027472
6389.1  1.016515
6389.8  1.003233
6390.5  0.9913982
6391.2  0.9920416
6391.9  1.000587
6392.6  1.01704
6393.3  1.018622
6394.  1.009614
6394.7  1.008722
6395.4  0.9926078
6396.1  0.9854122
6396.8  0.9884625
6397.5  0.9966594
6398.2  1.003092
6398.9  1.003525
6399.6  0.9963116
6400.3  0.9970182
6401.  0.9943621
6401.7  1.000269
6402.4  1.000555
6403.1  0.9916665
6403.8  0.9918132
6404.5  0.9962289
6405.2  0.9953606
6405.9  0.9903886
6406.6  1.000333
6407.3  0.9960285
6408.  0.993823
6408.7  0.9883555
6409.4  0.9848797
6410.1  0.9826262
6410.8  0.9946163
6411.5  1.002016
6412.2  0.9867032
6412.9  0.9822509
6413.6  0.9800659
6414.3  0.9914994
6415.  0.9918188
6415.7  0.9724718
6416.4  0.9871884
6417.1  1.004656
6417.8  1.009238
6418.5  1.004118
6419.2  0.9931971
6419.9  0.9737773
6420.6  0.9832236
6421.3  0.981489
6422.  0.997078
6422.7  1.007109
6423.4  0.9970335
6424.1  0.9974858
6424.8  0.9936249
6425.5  1.007535
6426.2  1.002307
6426.9  1.003974
6427.6  1.018159
6428.3  1.022785
6429.  1.001186
6429.7  0.9846392
6430.4  0.9757684
6431.1  0.9854634
6431.8  0.9956092
6432.5  1.008044
6433.2  1.013403
6433.9  1.032054
6434.6  1.040831
6435.3  1.048469
6436.  1.038472
6436.7  1.038527
6437.4  1.020777
6438.1  1.019869
6438.8  1.010425
6439.5  1.010924
6440.2  1.007128
6440.9  0.9968353
6441.6  0.995079
6442.3  0.9938598
6443.  0.9891187
6443.7  0.9788433
6444.4  0.9918073
6445.1  0.9937757
6445.8  1.006659
6446.5  1.010542
6447.2  1.005975
6447.9  1.002749
6448.6  0.9999312
6449.3  1.00514
6450.  0.9981201
6450.7  0.9743768
6451.4  0.9759453
6452.1  0.9853292
6452.8  1.007822
6453.5  1.013073
6454.2  1.009948
6454.9  0.9987246
6455.6  0.9938555
6456.3  0.9841833
6457.  0.9873325
6457.7  0.9957947
6458.4  1.00656
6459.1  1.008398
6459.8  1.00055
6460.5  0.9845319
6461.2  0.9881345
6461.9  0.9894229
6462.6  1.002128
6463.3  1.009691
6464.  1.006305
6464.7  0.9993531
6465.4  0.9884046
6466.1  0.9955851
6466.8  1.001326
6467.5  0.9970188
6468.2  1.008225
6468.9  1.014436
6469.6  1.00802
6470.3  1.003226
6471.  0.9954778
6471.7  0.9924778
6472.4  0.9827607
6473.1  0.9668794
6473.8  0.9774413
6474.5  0.9962963
6475.2  1.005236
6475.9  1.00691
6476.6  1.008759
6477.3  1.007935
6478.  1.024688
6478.7  1.030785
6479.4  1.030916
6480.1  1.006298
6480.8  0.9910359
6481.5  1.012104
6482.2  1.00764
6482.9  0.9842138
6483.6  1.002271
6484.3  1.013953
6485.  0.99895
6485.7  0.9935043
6486.4  0.9897785
6487.1  0.9871891
6487.8  0.98408
6488.5  1.000327
6489.2  1.01061
6489.9  0.9989335
6490.6  0.9925263
6491.3  0.9966408
6492.  1.009165
6492.7  1.003805
6493.4  0.9961692
6494.1  0.9861764
6494.8  0.9959671
6495.5  0.9885753
6496.2  0.9781448
6496.9  0.9758341
6497.6  0.9390835
6498.3  0.9754254
6499.  0.9985263
6499.7  1.028005
6500.4  1.031366
6501.1  0.9973143
6501.8  1.008312
6502.5  1.022592
6503.2  1.0209
6503.9  1.01238
6504.6  1.021758
6505.3  1.021831
6506.  1.026771
6506.7  1.0306
6507.4  1.024867
6508.1  1.02522
6508.8  1.022607
6509.5  1.029703
6510.2  1.023394
6510.9  0.995243
6511.6  0.9910972
6512.3  0.9927409
6513.  1.000937
6513.7  1.005783
6514.4  1.014322
6515.1  0.9978231
6515.8  0.9999404
6516.5  0.9908876
6517.2  0.9855289
6517.9  0.97211
6518.6  0.9741856
6519.3  0.9906709
6520.  0.9877163
6520.7  1.003969
6521.4  1.018568
6522.1  1.01709
6522.8  1.010664
6523.5  1.014551
6524.2  1.00319
6524.9  1.004188
6525.6  1.026454
6526.3  1.015017
6527.  1.010608
6527.7  1.000483
6528.4  1.008945
6529.1  1.0079
6529.8  1.013973
6530.5  1.005232
6531.2  0.985706
6531.9  0.9895738
6532.6  0.9789004
6533.3  0.9931265
6534.  1.000672
6534.7  0.9997997
6535.4  0.9920784
6536.1  1.007851
6536.8  1.007264
6537.5  1.006948
6538.2  1.007086
6538.9  1.025362
6539.6  1.014444
6540.3  0.981705
6541.  0.9668776
6541.7  0.968433
6542.4  0.991543
6543.1  0.9901573
6543.8  0.9892835
6544.5  0.9824393
6545.2  0.9826021
6545.9  0.9975805
6546.6  0.9986842
6547.3  1.003528
6548.  1.018514
6548.7  1.019344
6549.4  1.021223
6550.1  1.020855
6550.8  1.014967
6551.5  1.009437
6552.2  1.013203
6552.9  1.031494
6553.6  1.035425
6554.3  1.053106
6555.  1.062379
6555.7  1.102922
6556.4  1.151783
6557.1  1.266429
6557.8  1.422491
6558.5  1.626086
6559.2  2.121145
6559.9  3.004442
6560.6  3.973986
6561.3  5.6779
6562.  6.882983
6562.7  8.610856
6563.4  9.672941
6564.1  10.18694
6564.8  9.808506
6565.5  8.722117
6566.2  7.457718
6566.9  5.873273
6567.6  4.812008
6568.3  3.427645
6569.  2.740976
6569.7  2.306939
6570.4  1.880236
6571.1  1.636914
6571.8  1.428617
6572.5  1.296327
6573.2  1.21283
6573.9  1.112956
6574.6  1.061509
6575.3  1.04182
6576.  1.020579
6576.7  1.024825
6577.4  1.002245
6578.1  0.9902697
6578.8  0.9904121
6579.5  0.9796674
6580.2  0.9839168
6580.9  0.9813717
6581.6  0.9978267
6582.3  1.011963
6583.  1.035418
6583.7  1.060161
6584.4  1.074624
6585.1  1.061567
6585.8  1.051402
6586.5  1.042891
6587.2  1.029063
6587.9  1.014466
6588.6  0.9738064
6589.3  0.9732659
6590.  0.9948601
6590.7  1.00088
6591.4  1.002764
6592.1  0.9879509
6592.8  0.9916758
6593.5  0.9997956
6594.2  0.9853272
6594.9  0.9690951
6595.6  0.9547746
6596.3  0.9526739
6597.  0.9558347
6597.7  0.9596737
6598.4  0.9740816
6599.1  0.9839662
6599.8  0.9934784
6600.5  0.9641202
6601.2  0.9469687
6601.9  0.9812946
6602.6  0.9806378
6603.3  0.9840766
6604.  0.9767756
6604.7  0.9942673
6605.4  1.014119
6606.1  1.001317
6606.8  0.9968915
6607.5  0.9971731
6608.2  0.9976296
6608.9  0.989011
6609.6  0.9849432
6610.3  0.9960464
6611.  1.010586
6611.7  0.993896
6612.4  0.9766163
6613.1  0.9579862
6613.8  0.9619555
6614.5  0.9700559
6615.2  0.985487
6615.9  1.002026
6616.6  0.9937533
6617.3  0.9825755
6618.  0.991974
6618.7  1.006301
6619.4  0.992146
6620.1  0.9877129
6620.8  1.008803
6621.5  1.007425
6622.2  1.000108
6622.9  1.003343
6623.6  0.9894778
6624.3  0.9978768
6625.  0.9939603
6625.7  0.9887196
6626.4  0.9956756
6627.1  1.008748
6627.8  0.9932925
6628.5  0.9921049
6629.2  0.9867469
6629.9  0.9837726
6630.6  1.000713
6631.3  1.01383
6632.  1.019407
6632.7  1.017627
6633.4  1.005413
6634.1  0.9826899
6634.8  0.9810461
6635.5  0.9846928
6636.2  0.9981441
6636.9  1.027495
6637.6  1.030573
6638.3  1.01335
6639.  0.9992797
6639.7  1.002133
6640.4  1.020808
6641.1  1.033597
6641.8  1.022925
6642.5  1.020442
6643.2  1.014293
6643.9  1.004303
6644.6  0.9917364
6645.3  0.9996194
6646.  0.9957088
6646.7  0.9771347
6647.4  0.9868382
6648.1  0.9925243
6648.8  0.9834128
6649.5  0.9782191
6650.2  0.9934126
6650.9  0.9992909
6651.6  1.00849
6652.3  1.005075
6653.  1.004313
6653.7  0.9946297
6654.4  1.003766
6655.1  1.007311
6655.8  1.021887
6656.5  1.025704
6657.2  1.022909
6657.9  1.01175
6658.6  0.9938725
6659.3  0.9893155
6660.  0.9821885
6660.7  0.9857507
6661.4  0.9817962
6662.1  0.9958419
6662.8  0.999608
6663.5  0.9867931
6664.2  0.9827406
6664.9  0.9824669
6665.6  0.9911634
6666.3  0.9893335
6667.  0.9922959
6667.7  0.9989784
6668.4  0.99001
6669.1  0.99866
6669.8  1.008504
6670.5  0.9939215
6671.2  0.9785161
6671.9  0.9849497
6672.6  1.014689
6673.3  1.019601
6674.  1.006403
6674.7  1.006786
6675.4  1.025585
6676.1  1.016842
6676.8  1.026
6677.5  1.050561
6678.2  1.116553
6678.9  1.127218
6679.6  1.124815
6680.3  1.099496
6681.  1.072696
6681.7  1.045141
6682.4  1.038575
6683.1  1.037216
6683.8  1.012045
6684.5  1.00311
6685.2  0.9981117
6685.9  1.021286
6686.6  1.023553
6687.3  1.021284
6688.  1.015175
6688.7  1.01433
6689.4  1.013532
6690.1  1.007451
6690.8  0.9925147
6691.5  0.9953992
6692.2  1.001762
6692.9  1.00368
6693.6  1.010965
6694.3  0.9995165
6695.  0.9976472
6695.7  1.006439
6696.4  0.9933918
6697.1  0.9743208
6697.8  0.9799494
6698.5  0.9862128
6699.2  0.9796438
6699.9  0.9785217
6700.6  0.9809534
6701.3  0.9807621
6702.  0.9694871
6702.7  0.9693368
6703.4  0.976801
6704.1  0.985585
6704.8  0.9797211
6705.5  0.9777609
6706.2  0.9766337
6706.9  0.9865596
6707.6  0.9900974
6708.3  0.9898182
6709.  0.9827555
6709.7  0.9735945
6710.4  0.9744553
6711.1  0.9737916
6711.8  1.00367
6712.5  0.9960006
6713.2  0.9888896
6713.9  0.9996257
6714.6  0.9930065
6715.3  1.007692
6716.  1.014794
6716.7  1.019921
6717.4  1.00839
6718.1  0.9883363
6718.8  0.9798926
6719.5  0.9774581
6720.2  0.9785296
6720.9  0.9816458
6721.6  0.981765
6722.3  0.9698767
6723.  0.9894816
6723.7  0.9995719
6724.4  0.9964144
6725.1  0.973382
6725.8  0.9718211
6726.5  0.9946504
6727.2  0.9929649
6727.9  1.002479
6728.6  1.028427
6729.3  1.02454
6730.  1.027938
6730.7  1.009958
6731.4  1.002707
6732.1  0.9999863
6732.8  0.9791755
6733.5  0.9734731
6734.2  0.9818578
6734.9  0.9865481
6735.6  0.9990836
6736.3  1.004806
6737.  0.9916971
6737.7  1.002825
6738.4  1.007749
6739.1  1.018006
6739.8  1.015589
6740.5  1.004224
6741.2  0.9883149
6741.9  0.9774428
6742.6  0.9779755
6743.3  0.9777602
6744.  0.9619889
6744.7  0.9570216
6745.4  1.001071
6746.1  1.016081
6746.8  1.023517
6747.5  1.008375
6748.2  0.9973233
6748.9  0.9947233
6749.6  1.003138
6750.3  1.003557
6751.  0.9835367
6751.7  0.9724646
6752.4  0.9753592
6753.1  0.9673759
6753.8  0.9729956
6754.5  1.000913
6755.2  0.9922257
6755.9  0.9798387
6756.6  0.9873751
6757.3  1.000601
6758.  0.9821098
6758.7  1.009141
6759.4  1.021357
6760.1  1.005746
6760.8  0.9946402
6761.5  0.9869322
6762.2  0.9822432
6762.9  0.9931226
6763.6  1.023775
6764.3  1.011926
6765.  0.9958624
6765.7  1.000494
6766.4  0.9932029
6767.1  0.9963358
6767.8  1.017309
6768.5  1.01639
6769.2  1.028952
6769.9  1.033317
6770.6  1.035855
6771.3  0.9963065
6772.  0.9771105
6772.7  0.9779639
6773.4  0.996619
6774.1  1.001023
6774.8  1.015006
6775.5  1.011605
6776.2  1.024929
6776.9  1.005997
6777.6  0.9948727
6778.3  0.9964268
6779.  0.9944296
6779.7  0.9914947
6780.4  0.9785247
6781.1  0.9783157
6781.8  0.9758131
6782.5  0.987633
6783.2  1.007247
6783.9  1.010103
6784.6  1.012074
6785.3  1.009504
6786.  1.004342
6786.7  1.012162
6787.4  1.004235
6788.1  1.018585
6788.8  1.006738
6789.5  0.9948804
6790.2  1.00786
6790.9  1.00669
6791.6  0.9969239
6792.3  1.015199
6793.  1.007426
6793.7  0.9817116
6794.4  0.9917579
6795.1  1.00362
6795.8  1.019532
6796.5  1.03171
6797.2  1.001925
6797.9  1.024069
6798.6  1.045653
6799.3  1.026405
6800.  1.022191
6800.7  1.0247
6801.4  1.015367
6802.1  1.015465
6802.8  0.9932095
6803.5  0.9868209
6804.2  0.9761856
6804.9  0.9956732
6805.6  1.011092
6806.3  1.033332
6807.  1.01011
6807.7  1.015648
6808.4  1.014884
6809.1  1.001998
6809.8  1.01323
6810.5  1.033181
6811.2  1.034113
6811.9  1.01477
6812.6  1.032007
6813.3  1.027694
6814.  1.022197
6814.7  1.010924
6815.4  0.9937911
6816.1  1.003038
6816.8  0.9904786
6817.5  0.9985225
6818.2  1.008908
6818.9  1.012907
6819.6  0.9997914
6820.3  0.998885
6821.  1.006702
6821.7  0.9939926
6822.4  1.008498
6823.1  1.036161
6823.8  1.02405
6824.5  1.021943
6825.2  1.034856
6825.9  1.002804
6826.6  0.9958606
6827.3  1.021194
6828.  1.037152
6828.7  1.003939
6829.4  1.002391
6830.1  1.012814
6830.8  1.017707
6831.5  1.032574
6832.2  1.034294
6832.9  1.03558
6833.6  1.043862
6834.3  1.028177
6835.  1.022941
6835.7  1.011623
6836.4  1.026528
6837.1  1.018902
6837.8  1.013679
6838.5  1.012241
6839.2  1.019181
6839.9  1.013229
6840.6  1.002593
6841.3  1.004506
6842.  0.993619
6842.7  1.000392
6843.4  1.006104
6844.1  1.021245
6844.8  1.015959
6845.5  1.016907
6846.2  1.038161
6846.9  1.043317
6847.6  1.030153
6848.3  1.02812
6849.  1.028165
6849.7  1.022105
6850.4  1.023426
6851.1  1.019962
6851.8  1.031179
6852.5  1.033674
6853.2  1.010738
6853.9  1.008575
6854.6  1.007412
6855.3  1.019278
6856.  1.028309
6856.7  1.038034
6857.4  1.036597
6858.1  1.037164
6858.8  0.9988143
6859.5  1.010722
6860.2  1.017954
6860.9  1.024387
6861.6  1.03617
6862.3  1.012046
6863.  1.000407
6863.7  0.9964786
6864.4  0.9776181
6865.1  0.9479511
6865.8  0.9170048
6866.5  0.8563361
6867.2  0.8191381
6867.9  0.7642762
6868.6  0.7127395
6869.3  0.7048392
6870.  0.6981015
6870.7  0.7303762
6871.4  0.7577361
6872.1  0.7569201
6872.8  0.7762726
6873.5  0.7765838
6874.2  0.7846842
6874.9  0.7895692
6875.6  0.8178623
6876.3  0.8368508
6877.  0.8717052
6877.7  0.8906259
6878.4  0.8935556
6879.1  0.9313943
6879.8  0.9519671
6880.5  0.9654021
6881.2  0.9632513
6881.9  0.9516946
6882.6  0.9367129
6883.3  0.9450307
6884.  0.9486873
6884.7  0.9514449
6885.4  0.9521977
6886.1  0.9447723
6886.8  0.9251737
6887.5  0.9093118
6888.2  0.883178
6888.9  0.886341
6889.6  0.8944653
6890.3  0.8986187
6891.  0.8824121
6891.7  0.8992344
6892.4  0.913209
6893.1  0.9198552
6893.8  0.9184984
6894.5  0.9213012
6895.2  0.9151651
6895.9  0.9198627
6896.6  0.9203807
6897.3  0.934908
6898.  0.9505275
6898.7  0.9569586
6899.4  0.9560826
6900.1  0.9625643
6900.8  0.9383426
6901.5  0.9581285
6902.2  0.9504203
6902.9  0.9439213
6903.6  0.9652867
6904.3  0.9772804
6905.  0.9574623
6905.7  0.9647933
6906.4  0.9708746
6907.1  0.9664205
6907.8  0.9682299
6908.5  0.9750562
6909.2  0.9897767
6909.9  0.9915234
6910.6  0.9763284
6911.3  1.003508
6912.  1.009871
6912.7  0.9806824
6913.4  1.008097
6914.1  1.010336
6914.8  0.9956915
6915.5  1.002049
6916.2  1.021923
6916.9  1.011541
6917.6  1.002559
6918.3  1.00315
6919.  1.012486
6919.7  1.026127
6920.4  1.031153
6921.1  1.037462
6921.8  1.023921
6922.5  1.011788
6923.2  1.02607
6923.9  1.016377
6924.6  0.9988605
6925.3  1.014329
6926.  1.041153
6926.7  1.036173
6927.4  1.040528
6928.1  0.9991024
6928.8  0.9813532
6929.5  0.9737183
6930.2  0.9773023
6930.9  1.005098
6931.6  1.03326
6932.3  1.032987
6933.  0.9964858
6933.7  1.005805
6934.4  1.010026
6935.1  1.0308
6935.8  1.030886
6936.5  1.049474
6937.2  1.050199
6937.9  1.023177
6938.6  0.9740765
6939.3  0.9788285
6940.  0.9617909
6940.7  0.9765918
6941.4  0.9733744
6942.1  0.9867195
6942.8  0.9976441
6943.5  1.015044
6944.2  1.006757
6944.9  1.038132
6945.6  1.029096
6946.3  1.019959
6947.  1.045663
6947.7  1.052689
6948.4  1.049883
6949.1  1.05887
6949.8  1.097689
